2, 2, 1, 2, 3, 52, 1, 0, 0, 0, 1, 0, 0, 190
3, 2, 0, 2, 2, 41, 0, 1, 0, 0, 0, 0, 1, 4
3, 2, 2, 3, 2, 50, 1, 0, 1, 1, 0, 0, 1, 191
4, 2, 2, 2, 1, 80, 0, 0, 0, 0, 0, 0, 0, 5
2, 3, 2, 3, 2, 63, 1, 1, 1, 0, 1, 1, 0, 6
3, 3, 2, 3, 3, 37, 1, 0, 1, 0, 0, 0, 1, 7
4, 2, 0, 2, 2, 57, 1, 0, 0, 0, 0, 0, 0, 192
4, 1, 1, 2, 2, 53, 1, 0, 0, 0, 0, 0, 0, 8
3, 1, 0, 1, 3, 37, 1, 1, 1, 0, 0, 0, 1, 9
3, 1, 1, 2, 2, 62, 1, 0, 1, 0, 0, 0, 1, 193
2, 2, 2, 3, 3, 56, 1, 1, 1, 0, 1, 0, 0, 10
4, 2, 1, 2, 3, 74, 0, 0, 1, 0, 0, 0, 0, 11
3, 2, 0, 2, 1, 29, 1, 0, 0, 0, 0, 0, 1, 12
4, 2, 2, 3, 3, 49, 1, 0, 0, 0, 0, 0, 0, 194
2, 2, 2, 3, 2, 33, 1, 1, 0, 0, 1, 1, 1, 13
3, 2, 2, 3, 3, 54, 1, 0, 1, 0, 0, 0, 1, 14
3, 3, 2, 3, 3, 53, 1, 1, 0, 0, 0, 0, 1, 15
3, 2, 2, 3, 2, 44, 1, 0, 1, 0, 0, 0, 1, 16
4, 2, 2, 3, 3, 51, 1, 0, 1, 0, 0, 0, 0, 195
4, 1, 0, 1, 1, 34, 1, 0, 0, 0, 0, 0, 0, 17
4, 2, 2, 3, 3, 37, 1, 1, 0, 0, 0, 0, 0, 18
4, 2, 1, 2, 3, 52, 1, 0, 1, 0, 0, 0, 0, 196
4, 1, 2, 3, 3, 65, 1, 0, 1, 0, 0, 0, 0, 19
4, 1, 0, 1, 2, 67, 1, 0, 0, 0, 0, 0, 0, 20
4, 2, 0, 2, 2, 61, 1, 0, 0, 0, 0, 0, 0, 24
3, 1, 2, 3, 2, 60, 1, 0, 1, 1, 0, 0, 1, 25
4, 2, 2, 3, 2, 66, 1, 0, 0, 0, 0, 0, 0, 26
3, 3, 2, 3, 2, 36, 1, 0, 0, 0, 0, 0, 1, 27
3, 2, 2, 3, 2, 60, 1, 0, 1, 0, 0, 0, 1, 198
3, 2, 0, 2, 2, 35, 1, 1, 1, 1, 0, 0, 1, 199
3, 2, 0, 2, 2, 57, 1, 0, 0, 1, 0, 0, 1, 28
3, 1, 0, 1, 2, 45, 1, 1, 1, 0, 0, 0, 1, 29
3, 1, 0, 1, 2, 58, 1, 0, 1, 0, 0, 0, 1, 33
2, 2, 2, 3, 2, 46, 1, 1, 1, 0, 1, 1, 0, 30
4, 2, 1, 2, 3, 68, 1, 0, 0, 0, 0, 0, 0, 31
4, 1, 2, 3, 3, 60, 1, 0, 0, 0, 0, 0, 0, 21
2, 2, 2, 3, 3, 47, 1, 1, 1, 0, 1, 1, 0, 23
3, 2, 0, 2, 3, 58, 1, 0, 0, 0, 0, 0, 1, 22
2, 1, 1, 2, 1, 71, 1, 0, 0, 0, 1, 1, 0, 262
4, 3, 2, 3, 3, 61, 0, 0, 1, 0, 0, 0, 0, 197
2, 2, 1, 2, 3, 72, 0, 1, 0, 0, 1, 1, 0, 201
2, 1, 0, 1, 2, 80, 0, 0, 0, 0, 1, 1, 0, 66
2, 2, 2, 3, 3, 53, 1, 1, 0, 0, 1, 1, 1, 167
2, 3, 2, 3, 3, 64, 1, 1, 1, 0, 1, 0, 0, 65
2, 1, 2, 3, 3, 37, 1, 1, 0, 0, 1, 1, 1, 241
2, 2, 1, 2, 2, 34, 1, 1, 0, 0, 1, 1, 1, 170
2, 1, 0, 1, 1, 75, 0, 1, 0, 0, 1, 1, 0, 257
1, 2, 0, 2, 2, 48, 1, 0, 0, 0, 1, 1, 0, 236
4, 1, 2, 2, 2, 43, 1, 0, 0, 0, 0, 0, 0, 242
1, 1, 2, 3, 2, 39, 1, 1, 1, 0, 1, 1, 0, 108
2, 1, 2, 3, 1, 41, 1, 1, 1, 0, 1, 1, 0, 107
2, 2, 1, 2, 2, 57, 1, 1, 1, 0, 1, 0, 1, 105
2, 1, 2, 3, 3, 70, 1, 1, 1, 0, 1, 1, 1, 106
2, 2, 0, 2, 2, 40, 1, 1, 0, 0, 1, 1, 0, 234
1, 2, 2, 3, 2, 43, 1, 1, 0, 0, 1, 1, 0, 235
4, 3, 2, 3, 2, 50, 1, 0, 0, 0, 0, 0, 0, 125
2, 1, 1, 2, 2, 38, 1, 1, 1, 0, 1, 0, 0, 122
1, 2, 2, 3, 2, 34, 1, 1, 1, 0, 1, 1, 0, 233
1, 2, 1, 2, 3, 62, 1, 1, 0, 0, 1, 1, 0, 103
4, 1, 0, 1, 2, 66, 1, 0, 0, 0, 0, 0, 0, 102
1, 2, 0, 2, 3, 56, 1, 1, 0, 0, 1, 1, 0, 232
2, 1, 0, 1, 3, 76, 0, 1, 0, 0, 1, 1, 0, 231
1, 1, 0, 1, 1, 70, 0, 0, 0, 0, 1, 1, 0, 230
2, 2, 0, 2, 1, 70, 0, 1, 0, 0, 1, 0, 0, 229
2, 1, 2, 3, 2, 55, 1, 1, 1, 0, 1, 1, 0, 101
1, 2, 1, 2, 3, 33, 1, 1, 0, 0, 1, 1, 0, 100
2, 2, 1, 2, 3, 40, 1, 1, 0, 0, 1, 1, 1, 99
2, 3, 1, 3, 1, 36, 1, 1, 1, 0, 1, 0, 1, 228
2, 1, 1, 2, 3, 53, 1, 1, 0, 0, 1, 1, 1, 98
2, 2, 0, 2, 2, 46, 1, 1, 0, 0, 1, 1, 0, 97
4, 2, 1, 2, 3, 63, 1, 0, 0, 0, 0, 0, 0, 104
2, 2, 0, 2, 2, 35, 1, 1, 0, 0, 1, 1, 0, 110
2, 2, 1, 2, 3, 24, 1, 1, 0, 0, 1, 1, 0, 237
2, 3, 2, 3, 3, 50, 1, 1, 1, 0, 1, 1, 0, 109
1, 1, 2, 3, 2, 34, 1, 1, 1, 0, 1, 1, 0, 114
3, 1, 0, 1, 2, 54, 0, 0, 0, 0, 0, 0, 1, 126
2, 3, 2, 3, 2, 72, 1, 1, 0, 0, 1, 1, 1, 113
2, 2, 2, 3, 2, 38, 1, 1, 1, 0, 1, 1, 1, 123
2, 2, 2, 3, 2, 38, 1, 1, 1, 0, 1, 1, 0, 112
2, 1, 1, 2, 3, 46, 1, 1, 0, 0, 1, 1, 0, 238
2, 2, 2, 3, 3, 61, 1, 1, 0, 0, 1, 1, 0, 111
4, 2, 1, 2, 2, 46, 1, 0, 1, 0, 0, 0, 0, 127
2, 3, 2, 3, 2, 54, 0, 0, 0, 0, 1, 1, 1, 121
2, 2, 2, 3, 3, 49, 1, 0, 0, 0, 1, 1, 0, 120
2, 2, 1, 2, 3, 77, 0, 1, 0, 0, 1, 1, 0, 240
4, 2, 1, 2, 2, 56, 1, 0, 0, 0, 0, 0, 0, 119
2, 2, 2, 3, 2, 62, 1, 0, 1, 0, 1, 1, 0, 118
2, 2, 2, 3, 3, 74, 1, 0, 0, 0, 1, 1, 1, 117
2, 1, 0, 1, 2, 53, 0, 1, 0, 0, 1, 1, 1, 116
4, 3, 1, 3, 3, 43, 1, 0, 0, 0, 0, 0, 0, 128
2, 2, 2, 3, 2, 51, 1, 1, 1, 0, 1, 1, 1, 129
2, 3, 2, 3, 2, 29, 1, 1, 1, 0, 1, 1, 0, 124
1, 2, 2, 3, 2, 47, 1, 0, 0, 0, 1, 1, 0, 239
2, 3, 2, 3, 1, 45, 1, 1, 1, 0, 1, 1, 0, 115
3, 2, 2, 3, 2, 55, 1, 0, 0, 0, 0, 0, 1, 243
1, 2, 0, 2, 1, 64, 1, 1, 0, 0, 1, 1, 0, 244
2, 2, 0, 2, 1, 38, 1, 1, 0, 0, 1, 1, 1, 130
3, 1, 2, 3, 1, 57, 1, 0, 0, 0, 0, 0, 1, 134
2, 2, 2, 3, 2, 58, 1, 0, 0, 0, 0, 1, 1, 133
3, 2, 1, 2, 2, 33, 0, 0, 0, 0, 0, 0, 1, 132
4, 2, 1, 2, 3, 74, 0, 0, 1, 0, 0, 0, 0, 524
4, 2, 2, 2, 3, 35, 1, 0, 0, 0, 0, 0, 0, 245
1, 1, 0, 1, 1, 40, 1, 1, 0, 0, 1, 1, 0, 131
2, 1, 1, 2, 2, 44, 1, 1, 1, 1, 1, 1, 1, 168
2, 2, 0, 2, 2, 65, 0, 0, 0, 0, 1, 0, 0, 258
2, 1, 1, 2, 2, 53, 1, 1, 0, 0, 1, 1, 1, 174
2, 2, 2, 3, 1, 51, 1, 0, 0, 0, 1, 1, 0, 173
2, 3, 2, 3, 2, 38, 1, 0, 0, 0, 1, 1, 1, 261
2, 2, 0, 2, 2, 48, 1, 1, 0, 0, 1, 1, 0, 164
2, 2, 2, 3, 2, 76, 1, 1, 0, 0, 1, 1, 0, 169
2, 2, 2, 3, 2, 49, 1, 0, 0, 0, 1, 1, 0, 161
2, 2, 1, 2, 3, 48, 1, 0, 0, 0, 1, 1, 0, 171
2, 2, 2, 2, 2, 51, 1, 1, 0, 0, 1, 1, 0, 259
2, 2, 1, 2, 2, 63, 1, 0, 0, 0, 1, 1, 0, 260
2, 1, 0, 1, 1, 43, 1, 0, 0, 0, 1, 1, 1, 162
2, 2, 2, 3, 2, 54, 1, 0, 0, 0, 1, 1, 0, 256
2, 3, 2, 3, 2, 46, 1, 1, 1, 0, 1, 0, 1, 172
2, 2, 2, 3, 3, 37, 1, 1, 0, 0, 1, 1, 0, 175
2, 1, 2, 3, 2, 55, 1, 1, 0, 0, 1, 0, 0, 163
2, 2, 2, 3, 3, 48, 1, 1, 0, 0, 1, 1, 1, 165
2, 2, 0, 2, 2, 36, 1, 1, 0, 0, 1, 1, 0, 166
1, 1, 0, 1, 2, 61, 1, 1, 0, 0, 1, 1, 0, 357
2, 2, 0, 2, 3, 30, 1, 1, 0, 0, 1, 1, 0, 321
2, 2, 2, 3, 2, 59, 1, 1, 0, 0, 1, 1, 0, 292
2, 2, 2, 3, 2, 52, 1, 1, 1, 0, 1, 1, 0, 339
1, 2, 0, 2, 1, 50, 1, 1, 0, 0, 1, 1, 0, 360
2, 1, 0, 1, 3, 40, 1, 1, 1, 0, 1, 0, 0, 277
2, 1, 2, 3, 2, 55, 1, 1, 1, 0, 1, 1, 0, 281
3, 1, 2, 3, 2, 55, 1, 0, 1, 1, 0, 0, 1, 271
3, 3, 2, 3, 3, 53, 1, 0, 0, 0, 0, 0, 1, 398
3, 2, 1, 2, 3, 52, 1, 0, 0, 0, 0, 0, 1, 396
2, 2, 2, 3, 2, 48, 1, 1, 0, 0, 1, 1, 1, 386
2, 1, 1, 2, 3, 38, 1, 1, 0, 0, 1, 1, 1, 382
2, 2, 0, 2, 2, 45, 1, 1, 0, 0, 1, 0, 1, 385
2, 2, 0, 2, 3, 56, 1, 1, 0, 0, 1, 1, 0, 390
2, 2, 0, 2, 2, 66, 0, 0, 0, 0, 1, 1, 0, 393
4, 2, 0, 2, 1, 50, 1, 0, 0, 0, 0, 0, 0, 402
3, 2, 2, 3, 3, 27, 1, 0, 1, 0, 0, 0, 1, 394
4, 2, 2, 3, 1, 41, 1, 0, 0, 0, 0, 0, 0, 400
3, 1, 0, 1, 1, 53, 1, 0, 0, 0, 0, 0, 1, 397
2, 2, 0, 2, 1, 58, 1, 1, 0, 0, 1, 1, 0, 391
2, 2, 0, 2, 2, 51, 1, 1, 1, 0, 1, 1, 0, 388
3, 3, 2, 3, 3, 34, 1, 1, 1, 0, 0, 0, 1, 395
2, 2, 2, 3, 3, 52, 1, 1, 1, 0, 1, 0, 1, 389
4, 2, 2, 3, 3, 48, 1, 0, 0, 0, 0, 0, 0, 401
4, 2, 2, 3, 3, 38, 1, 0, 1, 0, 0, 0, 0, 399
2, 2, 2, 3, 3, 41, 1, 1, 1, 0, 1, 0, 0, 384
2, 2, 2, 3, 3, 32, 1, 1, 1, 0, 1, 0, 0, 381
2, 1, 0, 1, 2, 63, 1, 1, 0, 0, 1, 1, 0, 392
2, 1, 1, 2, 2, 48, 1, 0, 1, 0, 1, 1, 0, 387
1, 1, 1, 2, 1, 48, 1, 1, 0, 0, 1, 1, 0, 379
2, 2, 2, 3, 2, 31, 0, 0, 0, 0, 1, 1, 0, 380
1, 2, 0, 2, 2, 46, 1, 1, 0, 0, 1, 1, 0, 378
4, 1, 2, 3, 3, 45, 1, 0, 1, 0, 0, 0, 0, 32
3, 2, 0, 2, 3, 41, 1, 0, 0, 0, 0, 0, 1, 1
3, 3, 2, 3, 2, 34, 1, 0, 0, 0, 0, 0, 1, 2
4, 1, 0, 1, 2, 82, 0, 0, 0, 0, 0, 0, 0, 3
3, 2, 0, 2, 2, 49, 1, 0, 0, 1, 0, 0, 1, 432
2, 2, 0, 2, 2, 54, 1, 0, 0, 0, 1, 0, 1, 433
4, 2, 0, 2, 3, 39, 1, 0, 1, 0, 0, 0, 0, 434
4, 1, 0, 1, 2, 36, 1, 0, 0, 0, 0, 0, 0, 435
4, 2, 1, 2, 2, 65, 1, 0, 1, 0, 0, 0, 0, 560
3, 2, 1, 2, 2, 64, 0, 0, 0, 0, 0, 0, 1, 436
4, 2, 2, 3, 2, 56, 1, 0, 1, 0, 0, 0, 0, 437
2, 2, 0, 2, 3, 41, 1, 1, 0, 0, 1, 0, 1, 617
3, 3, 0, 3, 2, 45, 0, 0, 0, 0, 0, 0, 1, 438
3, 2, 2, 3, 3, 59, 1, 0, 1, 0, 0, 0, 1, 439
3, 2, 1, 2, 3, 48, 1, 0, 1, 0, 0, 0, 1, 561
1, 2, 0, 3, 2, 50, 1, 1, 0, 0, 1, 1, 0, 440
3, 2, 2, 3, 3, 38, 1, 0, 1, 0, 0, 0, 1, 441
4, 2, 1, 2, 2, 65, 1, 0, 0, 0, 0, 0, 0, 442
4, 1, 1, 2, 3, 47, 1, 0, 1, 0, 0, 0, 0, 562
4, 2, 1, 2, 3, 45, 1, 0, 0, 0, 0, 0, 0, 443
3, 2, 0, 2, 2, 55, 1, 0, 0, 0, 0, 0, 1, 445
3, 3, 2, 3, 2, 40, 1, 0, 0, 0, 0, 0, 1, 563
4, 1, 0, 1, 3, 69, 1, 0, 0, 0, 0, 0, 0, 564
4, 3, 2, 3, 3, 62, 1, 0, 1, 0, 0, 0, 0, 446
3, 2, 0, 2, 1, 79, 0, 0, 0, 0, 0, 0, 1, 565
3, 2, 2, 3, 2, 59, 1, 0, 0, 0, 0, 0, 1, 447
4, 2, 0, 2, 3, 59, 1, 0, 0, 0, 0, 0, 0, 566
4, 1, 0, 1, 2, 87, 0, 0, 0, 0, 0, 0, 0, 567
2, 2, 2, 3, 3, 48, 1, 1, 1, 0, 1, 1, 0, 444
4, 2, 0, 2, 2, 61, 1, 0, 0, 0, 0, 0, 0, 448
3, 2, 2, 3, 3, 69, 0, 0, 0, 0, 0, 0, 1, 472
1, 2, 2, 3, 3, 48, 1, 1, 0, 0, 1, 1, 0, 473
1, 1, 0, 1, 2, 50, 1, 0, 0, 0, 1, 1, 0, 471
4, 2, 2, 3, 2, 64, 1, 0, 0, 1, 0, 0, 1, 470
4, 2, 0, 2, 2, 31, 1, 0, 0, 0, 0, 0, 0, 568
3, 1, 0, 1, 2, 45, 1, 0, 0, 1, 0, 0, 1, 449
2, 3, 2, 3, 2, 70, 1, 1, 0, 0, 0, 1, 0, 543
1, 2, 1, 2, 3, 67, 1, 1, 0, 0, 1, 1, 0, 508
3, 3, 2, 3, 2, 38, 1, 0, 1, 0, 0, 0, 1, 505
2, 2, 0, 2, 3, 50, 1, 1, 0, 0, 1, 1, 0, 506
1, 2, 2, 3, 2, 39, 1, 1, 0, 0, 1, 1, 0, 509
2, 2, 1, 2, 2, 55, 1, 0, 1, 0, 1, 1, 0, 507
2, 1, 1, 2, 1, 47, 1, 1, 0, 0, 1, 0, 1, 504
2, 2, 2, 3, 3, 46, 1, 0, 1, 0, 1, 0, 0, 593
1, 2, 0, 2, 2, 57, 1, 0, 0, 0, 1, 1, 0, 501
1, 2, 1, 2, 2, 52, 1, 1, 0, 0, 1, 1, 0, 591
2, 2, 2, 3, 2, 60, 1, 1, 0, 0, 1, 1, 1, 502
2, 1, 1, 2, 1, 51, 1, 1, 0, 0, 1, 1, 1, 503
1, 3, 2, 3, 2, 78, 0, 1, 0, 0, 1, 1, 0, 592
1, 2, 1, 2, 2, 57, 1, 0, 1, 0, 1, 1, 0, 500
1, 2, 1, 2, 2, 49, 1, 1, 1, 0, 1, 1, 0, 590
2, 1, 0, 1, 2, 40, 1, 1, 0, 0, 1, 1, 1, 499
4, 2, 1, 2, 3, 63, 1, 0, 0, 0, 0, 0, 0, 589
2, 2, 0, 2, 1, 58, 1, 1, 1, 0, 1, 1, 0, 498
2, 2, 2, 3, 1, 54, 1, 1, 1, 0, 1, 1, 1, 497
2, 1, 0, 1, 1, 46, 1, 1, 1, 0, 1, 1, 1, 496
2, 3, 2, 3, 3, 45, 1, 1, 1, 0, 1, 1, 0, 514
3, 1, 0, 1, 2, 45, 1, 1, 0, 0, 0, 0, 1, 513
2, 2, 2, 3, 2, 38, 1, 1, 1, 0, 1, 1, 0, 518
1, 1, 0, 1, 2, 43, 1, 1, 0, 1, 1, 1, 0, 594
2, 2, 1, 2, 1, 53, 1, 1, 0, 0, 1, 1, 0, 512
4, 2, 2, 3, 2, 60, 1, 0, 1, 0, 0, 0, 0, 511
2, 2, 2, 3, 2, 53, 1, 1, 1, 0, 1, 0, 0, 510
2, 1, 1, 2, 2, 35, 1, 1, 1, 0, 1, 1, 0, 516
2, 1, 0, 1, 3, 30, 1, 1, 0, 0, 1, 0, 0, 515
3, 2, 2, 3, 2, 29, 1, 1, 0, 0, 0, 0, 1, 519
2, 2, 2, 3, 2, 46, 1, 1, 1, 0, 1, 0, 0, 597
2, 3, 2, 3, 2, 54, 1, 1, 0, 0, 1, 1, 1, 520
2, 2, 1, 2, 3, 48, 1, 1, 1, 0, 1, 1, 0, 596
1, 1, 1, 2, 3, 45, 1, 1, 0, 0, 1, 1, 0, 595
2, 2, 1, 2, 3, 49, 1, 1, 0, 0, 1, 1, 0, 517
3, 2, 0, 2, 3, 82, 0, 0, 0, 0, 0, 0, 1, 522
3, 1, 2, 3, 3, 62, 1, 0, 1, 0, 0, 0, 1, 523
3, 2, 0, 2, 3, 30, 1, 0, 0, 1, 0, 0, 1, 525
2, 1, 1, 2, 2, 61, 1, 1, 1, 0, 0, 1, 0, 521
1, 1, 0, 1, 2, 43, 1, 1, 0, 0, 1, 1, 0, 598
2, 2, 2, 2, 2, 37, 1, 0, 0, 1, 1, 0, 1, 611
2, 2, 0, 2, 3, 53, 1, 1, 0, 0, 1, 0, 0, 610
2, 3, 2, 3, 2, 41, 1, 1, 1, 0, 1, 1, 0, 547
2, 1, 0, 1, 1, 84, 0, 1, 0, 0, 1, 1, 0, 548
2, 1, 0, 1, 2, 49, 0, 0, 0, 0, 1, 1, 0, 612
2, 2, 1, 2, 2, 34, 1, 1, 0, 0, 1, 0, 0, 545
2, 2, 2, 3, 3, 48, 1, 1, 0, 0, 1, 1, 0, 546
2, 3, 1, 3, 2, 33, 1, 1, 0, 0, 1, 1, 1, 613
2, 2, 2, 3, 3, 44, 1, 0, 0, 0, 1, 1, 0, 544
2, 3, 2, 3, 2, 56, 1, 0, 1, 0, 1, 0, 0, 673
2, 2, 2, 3, 2, 53, 1, 1, 1, 0, 1, 1, 0, 647
2, 2, 0, 2, 2, 56, 1, 1, 0, 0, 1, 1, 0, 686
3, 1, 0, 1, 2, 53, 1, 1, 0, 0, 0, 0, 1, 643
2, 1, 2, 3, 2, 47, 1, 1, 1, 0, 1, 0, 0, 665
2, 2, 1, 2, 2, 46, 1, 0, 0, 0, 1, 1, 1, 702
2, 3, 2, 3, 2, 35, 1, 1, 1, 0, 1, 1, 1, 699
4, 2, 0, 2, 2, 43, 0, 0, 0, 0, 0, 0, 0, 709
2, 1, 1, 2, 2, 44, 1, 1, 1, 0, 1, 1, 1, 701
4, 2, 2, 3, 3, 44, 1, 0, 1, 0, 0, 0, 0, 710
1, 1, 2, 3, 1, 36, 1, 1, 1, 0, 1, 1, 0, 695
2, 2, 1, 2, 2, 26, 1, 1, 0, 0, 1, 1, 0, 696
3, 1, 2, 3, 3, 54, 1, 1, 1, 0, 0, 0, 1, 707
2, 2, 0, 2, 2, 65, 0, 1, 0, 0, 1, 1, 0, 703
2, 1, 2, 3, 3, 31, 1, 1, 1, 0, 1, 1, 1, 697
3, 2, 2, 3, 3, 41, 1, 0, 1, 1, 0, 0, 1, 705
3, 1, 0, 1, 1, 29, 0, 1, 1, 0, 0, 0, 1, 704
4, 2, 0, 2, 3, 59, 1, 1, 0, 0, 0, 0, 0, 711
4, 2, 2, 3, 2, 41, 1, 0, 0, 0, 0, 0, 0, 708
2, 2, 2, 3, 2, 38, 1, 1, 0, 0, 1, 0, 0, 700
3, 2, 2, 3, 3, 45, 1, 0, 1, 0, 0, 0, 1, 706
2, 3, 0, 2, 3, 31, 1, 1, 1, 1, 1, 1, 1, 698
2, 1, 1, 2, 2, 39, 1, 1, 0, 0, 1, 1, 0, 383
2, 1, 1, 2, 3, 61, 1, 1, 0, 0, 1, 1, 0, 247
3, 1, 0, 1, 2, 44, 1, 0, 1, 1, 0, 0, 1, 177
4, 2, 0, 2, 2, 45, 1, 0, 0, 0, 0, 0, 0, 259
2, 2, 1, 2, 2, 48, 1, 0, 0, 0, 1, 1, 0, 125
1, 1, 1, 2, 2, 33, 0, 0, 0, 0, 1, 1, 0, 264
1, 1, 0, 1, 2, 53, 0, 1, 0, 0, 1, 1, 0, 67
4, 2, 2, 3, 2, 60, 1, 0, 0, 0, 0, 0, 0, 261
2, 2, 2, 3, 2, 50, 1, 1, 0, 0, 1, 0, 1, 61
2, 2, 2, 3, 2, 63, 1, 1, 0, 0, 1, 1, 0, 256
2, 1, 1, 2, 2, 55, 1, 0, 0, 0, 1, 1, 1, 197
4, 3, 2, 3, 2, 48, 1, 0, 0, 0, 0, 0, 0, 262
1, 2, 1, 2, 2, 53, 1, 1, 0, 0, 1, 1, 0, 95
3, 2, 1, 2, 2, 79, 0, 0, 0, 0, 0, 0, 1, 69
2, 2, 1, 2, 2, 55, 1, 1, 0, 0, 1, 1, 1, 212
2, 2, 2, 3, 3, 56, 1, 1, 0, 0, 1, 1, 1, 190
2, 2, 2, 3, 3, 63, 1, 1, 1, 0, 1, 0, 0, 11
2, 2, 2, 3, 3, 52, 1, 0, 0, 0, 1, 1, 1, 116
1, 1, 1, 2, 2, 61, 1, 1, 1, 0, 1, 1, 0, 131
3, 1, 0, 1, 2, 74, 0, 0, 0, 0, 0, 0, 1, 134
4, 1, 2, 3, 3, 35, 1, 0, 0, 0, 0, 0, 0, 226
2, 3, 1, 3, 2, 68, 1, 0, 1, 0, 1, 1, 0, 147
4, 1, 2, 3, 2, 58, 1, 0, 1, 0, 0, 0, 0, 231
2, 3, 1, 3, 2, 47, 1, 1, 0, 0, 1, 1, 0, 195
2, 1, 1, 2, 2, 39, 1, 1, 0, 0, 1, 1, 0, 215
2, 2, 1, 2, 2, 43, 1, 0, 0, 0, 1, 1, 0, 192
4, 1, 0, 1, 2, 56, 1, 0, 0, 0, 0, 0, 0, 236
2, 2, 1, 2, 2, 54, 1, 1, 1, 0, 1, 1, 1, 194
1, 1, 0, 1, 2, 33, 1, 1, 1, 0, 1, 1, 0, 166
4, 2, 0, 2, 3, 44, 1, 0, 0, 0, 0, 0, 0, 224
2, 1, 2, 3, 3, 51, 1, 0, 0, 0, 1, 1, 0, 193
4, 1, 2, 3, 2, 52, 1, 0, 1, 0, 0, 0, 0, 227
4, 1, 0, 1, 3, 67, 1, 0, 0, 0, 0, 0, 0, 229
4, 2, 2, 3, 2, 57, 1, 0, 1, 0, 0, 0, 0, 237
3, 1, 2, 3, 3, 48, 1, 0, 0, 0, 0, 0, 1, 179
4, 2, 2, 3, 2, 49, 1, 0, 1, 0, 0, 0, 0, 223
3, 1, 1, 2, 1, 48, 1, 0, 1, 1, 0, 0, 1, 185
4, 2, 0, 2, 2, 36, 1, 0, 0, 0, 0, 0, 0, 239
3, 1, 1, 2, 2, 56, 1, 0, 1, 1, 0, 0, 1, 178
3, 2, 2, 3, 3, 43, 1, 0, 1, 0, 0, 0, 1, 187
2, 1, 2, 3, 2, 43, 1, 1, 1, 1, 1, 1, 1, 191
1, 1, 2, 3, 2, 56, 1, 1, 1, 0, 1, 1, 0, 152
3, 2, 0, 2, 2, 59, 1, 0, 1, 0, 0, 0, 1, 183
4, 2, 1, 2, 2, 47, 1, 0, 1, 0, 0, 0, 0, 221
4, 1, 2, 3, 3, 44, 1, 0, 1, 0, 0, 0, 0, 234
2, 1, 0, 1, 3, 42, 1, 0, 0, 1, 1, 0, 1, 203
2, 1, 1, 2, 2, 48, 1, 0, 0, 0, 1, 1, 0, 202
3, 2, 2, 3, 2, 53, 1, 0, 1, 0, 0, 0, 1, 189
2, 2, 2, 3, 3, 58, 1, 1, 1, 0, 1, 0, 0, 214
3, 2, 2, 3, 2, 27, 1, 0, 1, 1, 0, 0, 1, 186
1, 1, 0, 1, 2, 52, 1, 1, 0, 0, 1, 1, 0, 167
3, 1, 2, 3, 3, 40, 1, 0, 0, 1, 0, 0, 1, 170
4, 3, 0, 2, 2, 66, 1, 0, 0, 0, 0, 0, 0, 232
4, 1, 0, 1, 2, 48, 1, 0, 0, 0, 0, 0, 0, 225
3, 2, 1, 2, 3, 51, 1, 0, 1, 0, 0, 0, 1, 176
4, 1, 1, 2, 3, 71, 0, 0, 0, 0, 0, 0, 0, 235
2, 1, 2, 3, 2, 46, 1, 1, 1, 1, 0, 1, 1, 217
1, 2, 2, 3, 2, 57, 1, 1, 1, 0, 1, 1, 0, 160
2, 2, 2, 3, 2, 38, 1, 1, 0, 0, 1, 1, 0, 206
3, 2, 1, 2, 3, 48, 1, 0, 0, 0, 0, 0, 1, 169
3, 1, 2, 3, 2, 47, 1, 0, 0, 0, 0, 0, 1, 181
3, 1, 2, 3, 3, 50, 1, 0, 1, 1, 0, 0, 1, 171
1, 1, 0, 1, 2, 64, 1, 1, 0, 0, 1, 1, 0, 159
2, 2, 1, 2, 2, 44, 1, 1, 0, 0, 1, 0, 0, 196
2, 2, 2, 3, 3, 57, 1, 1, 1, 0, 1, 1, 0, 204
2, 2, 0, 2, 3, 51, 1, 1, 0, 0, 1, 1, 0, 155
2, 2, 2, 3, 2, 57, 1, 1, 0, 0, 1, 1, 0, 153
4, 1, 1, 2, 2, 54, 1, 1, 0, 0, 0, 0, 0, 233
3, 1, 2, 3, 2, 57, 1, 0, 1, 0, 0, 0, 1, 180
3, 2, 1, 2, 3, 45, 1, 0, 1, 0, 0, 0, 1, 175
3, 2, 1, 2, 3, 57, 1, 0, 1, 0, 0, 0, 1, 184
3, 2, 2, 3, 2, 38, 1, 0, 0, 0, 0, 0, 1, 173
2, 1, 1, 2, 2, 50, 1, 1, 0, 0, 1, 1, 0, 199
4, 2, 0, 2, 3, 51, 1, 0, 0, 0, 0, 0, 0, 222
4, 1, 0, 1, 3, 28, 1, 0, 0, 0, 0, 0, 0, 238
3, 2, 0, 2, 2, 49, 1, 0, 0, 0, 0, 0, 1, 174
2, 1, 1, 2, 2, 49, 1, 0, 0, 0, 1, 1, 1, 209
2, 1, 1, 2, 3, 57, 1, 1, 0, 0, 1, 1, 1, 151
3, 2, 2, 3, 3, 54, 1, 0, 1, 0, 0, 0, 1, 188
2, 2, 0, 2, 2, 48, 0, 1, 0, 0, 1, 1, 0, 219
4, 1, 2, 3, 2, 37, 1, 0, 1, 0, 0, 0, 0, 230
2, 1, 0, 1, 2, 54, 1, 1, 1, 1, 1, 1, 1, 198
2, 2, 2, 3, 3, 49, 1, 1, 0, 0, 1, 1, 0, 201
2, 1, 2, 3, 2, 34, 1, 0, 1, 0, 1, 1, 1, 220
2, 2, 0, 2, 2, 55, 1, 1, 0, 0, 1, 1, 1, 154
2, 2, 1, 2, 2, 52, 1, 0, 0, 0, 1, 1, 1, 205
1, 1, 1, 2, 2, 49, 1, 1, 0, 0, 1, 1, 0, 150
1, 1, 1, 2, 2, 40, 1, 1, 1, 0, 1, 1, 0, 165
2, 2, 2, 3, 2, 46, 0, 0, 0, 0, 1, 1, 0, 218
2, 2, 2, 3, 2, 62, 1, 0, 0, 0, 1, 1, 0, 210
2, 1, 0, 1, 1, 39, 1, 0, 0, 0, 1, 1, 0, 211
2, 1, 1, 2, 3, 57, 1, 0, 1, 0, 1, 1, 1, 208
2, 1, 0, 1, 2, 54, 1, 1, 0, 0, 1, 1, 1, 213
3, 2, 2, 3, 2, 52, 1, 0, 0, 0, 0, 0, 1, 172
3, 2, 1, 2, 2, 33, 1, 0, 0, 0, 0, 1, 1, 156
1, 1, 0, 1, 2, 44, 1, 1, 0, 0, 1, 1, 0, 164
2, 2, 2, 3, 3, 43, 1, 0, 1, 0, 1, 1, 0, 207
2, 3, 0, 2, 3, 30, 1, 1, 1, 0, 1, 1, 0, 206
2, 1, 0, 1, 3, 56, 1, 1, 1, 0, 1, 1, 0, 210
1, 1, 0, 1, 2, 77, 0, 1, 0, 0, 1, 1, 0, 53
1, 1, 0, 1, 1, 47, 0, 1, 1, 0, 1, 1, 0, 211
1, 2, 2, 3, 2, 30, 1, 1, 1, 0, 1, 1, 0, 213
2, 2, 1, 2, 3, 40, 1, 1, 0, 1, 1, 1, 0, 212
2, 1, 0, 1, 2, 60, 1, 0, 0, 0, 1, 1, 0, 56
2, 2, 1, 2, 3, 48, 1, 1, 0, 0, 1, 1, 1, 214
2, 1, 0, 1, 3, 36, 1, 1, 0, 0, 1, 1, 0, 430
2, 2, 2, 3, 2, 68, 1, 1, 1, 0, 1, 0, 1, 207
2, 2, 1, 2, 2, 40, 1, 1, 1, 1, 1, 1, 1, 428
1, 1, 0, 1, 2, 40, 1, 1, 1, 0, 1, 1, 0, 46
3, 2, 0, 2, 2, 55, 1, 0, 0, 1, 0, 0, 1, 200
3, 2, 0, 2, 2, 52, 1, 0, 0, 0, 0, 0, 1, 35
4, 2, 0, 2, 2, 46, 1, 0, 0, 0, 0, 0, 0, 36
4, 2, 0, 2, 3, 47, 1, 0, 0, 0, 0, 0, 0, 57
3, 2, 1, 2, 3, 25, 1, 0, 0, 1, 0, 0, 1, 59
2, 2, 1, 2, 2, 62, 1, 1, 0, 0, 1, 1, 0, 180
4, 1, 0, 1, 2, 57, 1, 0, 1, 0, 0, 0, 0, 49
2, 2, 0, 2, 3, 57, 0, 1, 0, 0, 1, 1, 0, 51
3, 1, 0, 1, 1, 65, 0, 0, 0, 0, 0, 0, 1, 34
2, 1, 0, 1, 1, 54, 1, 1, 0, 0, 1, 0, 0, 41
2, 1, 0, 1, 1, 31, 1, 1, 0, 0, 1, 1, 0, 204
2, 2, 0, 2, 1, 61, 1, 1, 0, 0, 1, 1, 1, 203
3, 2, 1, 2, 3, 40, 1, 0, 0, 0, 0, 0, 1, 40
2, 2, 0, 2, 3, 44, 1, 1, 1, 1, 1, 1, 1, 39
2, 1, 0, 1, 2, 39, 1, 1, 1, 1, 1, 1, 1, 202
2, 1, 1, 2, 2, 54, 0, 0, 0, 0, 0, 1, 0, 38
4, 1, 2, 3, 3, 40, 1, 0, 0, 0, 0, 0, 0, 37
3, 3, 0, 2, 3, 47, 1, 0, 1, 1, 0, 0, 1, 60
3, 1, 0, 1, 3, 65, 1, 0, 0, 0, 0, 0, 1, 209
3, 1, 1, 2, 2, 46, 1, 0, 1, 0, 0, 0, 1, 54
3, 2, 2, 3, 3, 45, 1, 0, 0, 1, 0, 0, 1, 55
1, 1, 1, 2, 2, 50, 1, 1, 0, 0, 1, 1, 0, 62
2, 2, 0, 2, 2, 48, 1, 1, 0, 0, 1, 1, 0, 208
3, 2, 0, 2, 3, 46, 1, 0, 0, 0, 0, 0, 1, 431
2, 3, 2, 3, 2, 46, 1, 1, 1, 0, 1, 1, 0, 58
1, 2, 0, 2, 2, 48, 1, 1, 0, 0, 1, 1, 0, 61
2, 2, 1, 2, 3, 48, 1, 1, 1, 0, 1, 1, 0, 215
1, 1, 0, 1, 2, 44, 0, 1, 0, 0, 1, 1, 0, 45
4, 1, 2, 3, 2, 47, 1, 0, 1, 0, 0, 0, 0, 50
2, 1, 0, 1, 1, 43, 0, 1, 0, 0, 1, 1, 0, 429
2, 2, 1, 2, 2, 49, 1, 1, 0, 1, 1, 1, 1, 47
2, 1, 0, 1, 2, 47, 1, 1, 1, 0, 1, 1, 0, 48
1, 1, 0, 1, 2, 55, 1, 1, 0, 0, 1, 1, 0, 87
2, 1, 0, 1, 3, 60, 1, 1, 0, 0, 1, 0, 0, 83
1, 2, 2, 3, 2, 46, 1, 1, 1, 0, 1, 1, 0, 84
2, 2, 0, 2, 3, 52, 1, 1, 0, 0, 1, 1, 0, 85
3, 1, 0, 1, 3, 72, 0, 0, 0, 0, 0, 0, 0, 86
3, 2, 0, 2, 2, 55, 1, 0, 0, 1, 0, 0, 1, 225
4, 2, 0, 2, 3, 43, 1, 0, 0, 0, 0, 0, 0, 81
1, 2, 0, 2, 2, 82, 0, 1, 0, 0, 1, 1, 0, 80
2, 1, 2, 3, 3, 64, 1, 1, 1, 0, 1, 1, 0, 178
2, 1, 0, 1, 2, 57, 1, 1, 0, 0, 1, 1, 0, 223
2, 1, 2, 3, 3, 44, 1, 1, 0, 0, 1, 1, 0, 79
2, 1, 0, 1, 3, 50, 1, 1, 0, 0, 1, 0, 0, 77
1, 1, 0, 1, 2, 47, 1, 1, 1, 0, 1, 1, 0, 76
3, 1, 1, 2, 2, 41, 1, 0, 0, 0, 0, 0, 1, 70
4, 2, 1, 2, 3, 68, 1, 1, 0, 0, 0, 0, 0, 75
1, 2, 1, 2, 1, 45, 1, 1, 0, 0, 1, 1, 0, 74
4, 1, 0, 1, 3, 31, 1, 0, 1, 0, 0, 0, 0, 217
2, 1, 0, 1, 2, 48, 1, 1, 1, 0, 1, 1, 0, 73
2, 2, 1, 2, 3, 45, 1, 1, 0, 0, 1, 1, 0, 72
1, 2, 1, 2, 1, 43, 1, 1, 0, 0, 1, 1, 0, 71
2, 1, 0, 1, 2, 52, 1, 1, 0, 0, 1, 1, 0, 216
1, 2, 0, 2, 2, 48, 1, 1, 0, 0, 1, 1, 0, 221
1, 1, 0, 1, 3, 60, 0, 1, 0, 0, 1, 1, 0, 219
1, 1, 0, 1, 1, 48, 1, 1, 0, 0, 1, 1, 0, 224
2, 1, 2, 3, 3, 45, 1, 1, 0, 0, 1, 1, 0, 222
2, 3, 2, 3, 3, 51, 1, 1, 1, 1, 1, 0, 1, 218
1, 1, 1, 2, 2, 54, 1, 1, 1, 0, 1, 1, 0, 160
1, 2, 2, 3, 3, 61, 1, 1, 1, 0, 1, 1, 0, 220
4, 2, 0, 2, 3, 67, 1, 0, 0, 0, 0, 0, 0, 78
2, 1, 0, 1, 1, 64, 1, 1, 0, 0, 1, 0, 0, 69
3, 2, 0, 2, 2, 25, 1, 0, 0, 1, 0, 0, 1, 68
2, 1, 2, 3, 2, 40, 1, 1, 1, 0, 1, 1, 0, 67
2, 3, 1, 3, 2, 69, 1, 1, 0, 0, 1, 1, 0, 96
1, 1, 0, 1, 2, 49, 1, 1, 0, 0, 1, 1, 0, 94
2, 2, 2, 3, 3, 55, 1, 1, 1, 0, 1, 1, 0, 95
2, 2, 0, 2, 3, 58, 1, 1, 0, 0, 1, 0, 0, 89
1, 1, 0, 1, 2, 47, 1, 1, 1, 0, 1, 1, 0, 255
2, 3, 0, 2, 2, 37, 1, 1, 0, 0, 1, 1, 1, 226
1, 1, 0, 1, 2, 49, 1, 1, 0, 0, 1, 1, 0, 92
4, 1, 0, 1, 2, 54, 1, 0, 0, 0, 0, 0, 0, 93
1, 2, 2, 3, 3, 50, 1, 1, 1, 0, 1, 1, 0, 91
1, 2, 0, 2, 3, 49, 1, 1, 0, 0, 1, 1, 0, 227
2, 1, 2, 3, 2, 59, 1, 1, 1, 1, 1, 1, 1, 179
2, 2, 0, 2, 2, 61, 1, 1, 0, 0, 1, 1, 0, 88
2, 1, 0, 1, 2, 61, 1, 1, 0, 0, 1, 0, 0, 90
1, 2, 2, 3, 2, 55, 1, 1, 1, 0, 1, 1, 0, 43
1, 1, 1, 2, 2, 43, 1, 1, 1, 0, 1, 1, 0, 52
2, 2, 2, 3, 3, 56, 1, 1, 1, 0, 1, 1, 0, 82
1, 2, 1, 2, 1, 34, 1, 1, 1, 0, 1, 1, 0, 42
2, 2, 2, 3, 2, 48, 1, 1, 1, 1, 1, 0, 1, 64
1, 1, 1, 2, 2, 35, 1, 1, 0, 0, 1, 1, 0, 177
4, 1, 0, 1, 2, 57, 1, 0, 0, 0, 0, 0, 0, 136
3, 1, 0, 1, 1, 48, 1, 0, 0, 0, 0, 0, 1, 135
1, 2, 1, 2, 2, 50, 1, 1, 1, 0, 1, 1, 0, 157
4, 2, 0, 2, 3, 47, 1, 0, 0, 0, 0, 0, 0, 137
4, 2, 0, 2, 2, 52, 1, 0, 0, 0, 0, 0, 0, 138
4, 2, 0, 2, 3, 40, 1, 0, 0, 0, 0, 0, 0, 139
3, 1, 0, 1, 3, 61, 1, 0, 0, 0, 0, 0, 1, 155
3, 1, 0, 1, 3, 41, 1, 0, 0, 1, 0, 0, 1, 154
1, 2, 0, 2, 1, 76, 0, 1, 0, 0, 1, 1, 0, 159
1, 1, 0, 1, 1, 68, 0, 0, 0, 0, 1, 1, 0, 158
4, 2, 0, 2, 3, 62, 1, 0, 0, 0, 0, 0, 0, 142
4, 2, 0, 2, 1, 57, 1, 0, 0, 0, 0, 0, 0, 140
4, 1, 0, 1, 2, 47, 1, 0, 0, 0, 0, 0, 0, 246
3, 1, 0, 1, 2, 51, 1, 0, 0, 0, 0, 0, 1, 247
3, 2, 0, 2, 3, 50, 1, 0, 0, 0, 0, 0, 1, 141
3, 2, 0, 2, 1, 39, 1, 0, 0, 0, 0, 0, 1, 248
4, 1, 0, 1, 2, 49, 1, 0, 0, 0, 0, 0, 0, 147
4, 2, 0, 2, 3, 55, 1, 0, 0, 0, 0, 0, 0, 144
4, 2, 0, 2, 1, 48, 1, 0, 0, 0, 0, 0, 0, 156
4, 1, 0, 1, 2, 44, 1, 0, 0, 0, 0, 0, 0, 143
3, 2, 0, 2, 3, 39, 1, 0, 0, 0, 0, 0, 1, 249
3, 2, 1, 2, 2, 56, 1, 0, 0, 0, 0, 0, 1, 145
3, 1, 1, 2, 2, 52, 1, 1, 0, 0, 0, 0, 1, 146
3, 2, 0, 2, 3, 48, 1, 0, 0, 0, 0, 0, 1, 151
3, 1, 0, 1, 1, 51, 1, 0, 0, 0, 0, 0, 1, 152
3, 1, 0, 1, 3, 65, 1, 0, 0, 0, 0, 0, 1, 153
3, 1, 0, 1, 2, 59, 1, 0, 0, 0, 0, 0, 1, 252
3, 2, 2, 3, 3, 35, 1, 0, 1, 0, 0, 0, 1, 253
4, 2, 0, 2, 3, 63, 1, 0, 0, 0, 0, 0, 0, 254
4, 2, 0, 2, 2, 60, 1, 0, 0, 0, 0, 0, 0, 150
3, 2, 0, 2, 2, 36, 1, 0, 0, 0, 0, 0, 1, 250
3, 1, 0, 1, 2, 78, 0, 0, 0, 0, 0, 0, 1, 148
3, 2, 0, 2, 2, 68, 1, 0, 0, 0, 0, 0, 1, 251
4, 1, 1, 2, 3, 45, 1, 0, 1, 0, 0, 0, 0, 149
2, 1, 0, 1, 3, 35, 1, 1, 0, 0, 1, 1, 0, 182
2, 1, 1, 2, 2, 62, 1, 0, 0, 0, 1, 1, 1, 183
2, 2, 0, 2, 2, 37, 1, 1, 0, 0, 1, 1, 0, 264
2, 2, 0, 2, 2, 48, 1, 1, 0, 1, 1, 1, 0, 184
2, 1, 1, 2, 3, 34, 1, 1, 1, 0, 1, 1, 0, 181
2, 2, 0, 2, 2, 57, 1, 1, 0, 0, 1, 1, 0, 185
2, 1, 1, 2, 2, 64, 1, 1, 0, 0, 1, 1, 1, 187
2, 1, 0, 1, 2, 42, 1, 1, 0, 0, 1, 1, 1, 188
2, 1, 0, 1, 2, 51, 1, 1, 1, 0, 1, 1, 0, 186
2, 2, 0, 2, 2, 47, 1, 1, 0, 0, 1, 1, 0, 189
2, 1, 0, 1, 2, 66, 1, 1, 0, 0, 1, 1, 0, 266
2, 2, 2, 3, 2, 42, 1, 1, 1, 0, 1, 1, 0, 265
2, 1, 2, 3, 2, 60, 1, 1, 1, 0, 1, 0, 0, 263
2, 2, 1, 2, 2, 47, 1, 1, 0, 0, 1, 1, 0, 176
2, 2, 2, 3, 3, 57, 1, 1, 1, 0, 1, 1, 0, 205
2, 1, 0, 1, 1, 56, 1, 1, 0, 0, 1, 1, 0, 44
1, 1, 0, 1, 2, 64, 1, 1, 0, 0, 1, 1, 0, 63
2, 1, 0, 1, 1, 57, 1, 1, 1, 0, 1, 0, 1, 267
2, 2, 2, 3, 2, 50, 1, 1, 1, 0, 1, 1, 0, 337
2, 1, 2, 3, 3, 35, 1, 1, 1, 0, 1, 1, 0, 288
2, 2, 1, 2, 1, 49, 1, 1, 1, 0, 1, 1, 0, 311
2, 2, 1, 2, 3, 46, 1, 1, 0, 0, 1, 0, 0, 328
2, 1, 0, 1, 2, 46, 1, 1, 0, 0, 1, 1, 0, 312
2, 1, 0, 1, 2, 43, 1, 1, 0, 0, 1, 1, 0, 306
4, 1, 0, 1, 3, 46, 1, 0, 0, 0, 0, 0, 0, 329
2, 1, 1, 2, 2, 54, 1, 1, 0, 0, 1, 1, 0, 317
2, 2, 0, 2, 2, 39, 1, 0, 0, 0, 1, 1, 0, 310
2, 2, 2, 3, 2, 52, 1, 1, 1, 0, 1, 1, 0, 316
1, 2, 0, 2, 1, 52, 1, 0, 0, 0, 1, 1, 0, 322
2, 1, 0, 1, 3, 27, 1, 1, 1, 0, 1, 1, 0, 323
2, 2, 2, 3, 2, 54, 1, 1, 1, 0, 1, 1, 0, 330
2, 2, 0, 2, 2, 32, 1, 1, 0, 0, 1, 1, 0, 319
2, 1, 1, 2, 2, 46, 1, 1, 0, 0, 1, 0, 0, 327
2, 1, 0, 1, 2, 56, 1, 1, 0, 0, 1, 1, 0, 365
2, 2, 0, 2, 3, 40, 1, 1, 0, 0, 1, 1, 0, 350
2, 2, 2, 3, 2, 57, 1, 1, 1, 0, 1, 1, 0, 326
2, 2, 1, 2, 3, 39, 1, 1, 1, 0, 1, 1, 0, 352
2, 2, 0, 2, 2, 50, 1, 1, 0, 0, 1, 0, 1, 354
1, 1, 1, 2, 1, 43, 1, 1, 1, 0, 1, 1, 0, 377
4, 1, 0, 1, 3, 39, 1, 0, 1, 0, 0, 0, 0, 374
1, 2, 1, 2, 1, 41, 1, 1, 0, 0, 1, 1, 0, 349
2, 1, 1, 2, 2, 35, 1, 1, 1, 0, 1, 1, 0, 371
2, 2, 1, 2, 2, 60, 1, 1, 0, 0, 1, 0, 0, 341
2, 2, 1, 2, 2, 54, 1, 1, 1, 0, 1, 1, 1, 335
1, 2, 0, 2, 2, 37, 1, 1, 0, 0, 1, 1, 0, 340
2, 1, 1, 2, 3, 48, 1, 1, 0, 0, 1, 1, 0, 338
2, 2, 1, 2, 3, 72, 1, 1, 0, 0, 1, 1, 0, 307
1, 2, 2, 3, 1, 57, 1, 1, 1, 0, 1, 1, 0, 331
1, 1, 1, 2, 2, 40, 1, 0, 0, 0, 1, 1, 0, 333
2, 2, 0, 2, 2, 46, 1, 1, 0, 0, 1, 1, 0, 298
2, 2, 2, 3, 2, 63, 1, 1, 0, 0, 1, 1, 0, 302
1, 1, 0, 1, 2, 53, 1, 1, 0, 0, 1, 1, 0, 376
4, 2, 2, 3, 1, 57, 0, 0, 0, 0, 0, 0, 0, 303
1, 2, 0, 2, 2, 59, 1, 1, 0, 0, 1, 1, 0, 334
1, 2, 0, 2, 1, 31, 1, 1, 0, 0, 1, 1, 0, 336
1, 2, 0, 2, 1, 61, 1, 1, 0, 0, 1, 1, 0, 332
4, 2, 0, 2, 1, 63, 1, 0, 0, 0, 0, 0, 0, 353
1, 2, 1, 2, 2, 58, 1, 1, 0, 0, 1, 1, 0, 367
2, 2, 1, 2, 3, 46, 1, 1, 0, 0, 1, 1, 0, 670
2, 2, 0, 2, 1, 43, 1, 1, 0, 1, 1, 1, 1, 343
1, 2, 0, 2, 2, 46, 1, 1, 0, 0, 1, 1, 0, 346
1, 1, 1, 2, 1, 51, 1, 1, 0, 0, 1, 1, 0, 345
2, 2, 0, 2, 3, 50, 1, 1, 0, 0, 1, 1, 1, 348
2, 2, 0, 2, 3, 61, 1, 1, 0, 0, 1, 1, 0, 344
1, 2, 1, 2, 2, 47, 1, 1, 1, 0, 1, 1, 0, 366
2, 1, 0, 1, 2, 42, 1, 1, 0, 0, 1, 0, 0, 347
2, 1, 0, 1, 2, 60, 1, 1, 0, 0, 1, 1, 0, 295
2, 2, 0, 2, 2, 44, 1, 1, 0, 0, 1, 0, 1, 320
1, 1, 0, 1, 2, 50, 1, 1, 0, 0, 1, 1, 0, 313
2, 2, 0, 2, 1, 31, 1, 1, 0, 0, 1, 1, 0, 285
1, 2, 1, 2, 1, 60, 1, 1, 0, 0, 1, 1, 0, 299
1, 1, 0, 1, 2, 35, 1, 1, 1, 0, 1, 1, 0, 283
1, 3, 0, 2, 2, 65, 1, 1, 0, 0, 1, 1, 0, 297
1, 1, 0, 1, 2, 43, 1, 1, 0, 0, 1, 1, 0, 296
1, 2, 0, 2, 2, 55, 1, 1, 0, 0, 1, 1, 0, 279
4, 1, 0, 1, 2, 53, 1, 0, 0, 0, 0, 0, 0, 369
4, 2, 1, 2, 3, 71, 1, 0, 0, 0, 0, 0, 0, 282
2, 1, 2, 3, 1, 56, 1, 1, 1, 1, 1, 1, 1, 351
2, 1, 2, 3, 1, 72, 0, 1, 0, 0, 1, 1, 0, 324
1, 1, 0, 1, 1, 73, 0, 1, 0, 0, 1, 1, 0, 325
1, 1, 0, 1, 1, 45, 1, 1, 0, 0, 1, 1, 0, 372
2, 1, 1, 2, 2, 55, 1, 1, 0, 0, 1, 0, 1, 375
3, 1, 2, 3, 1, 46, 1, 0, 1, 0, 0, 0, 1, 370
2, 1, 0, 1, 2, 58, 1, 1, 0, 0, 1, 1, 0, 291
1, 2, 1, 2, 2, 43, 1, 1, 1, 0, 1, 1, 0, 373
1, 1, 0, 1, 2, 46, 1, 1, 1, 0, 1, 1, 0, 280
1, 1, 0, 1, 2, 56, 1, 1, 1, 0, 1, 1, 0, 289
4, 2, 0, 2, 2, 56, 1, 0, 0, 0, 0, 0, 0, 290
2, 1, 0, 1, 2, 21, 0, 1, 1, 0, 1, 1, 0, 276
4, 1, 0, 1, 1, 49, 1, 1, 0, 0, 0, 0, 0, 294
1, 1, 0, 1, 1, 39, 1, 1, 0, 0, 1, 1, 0, 275
1, 1, 0, 1, 2, 65, 1, 1, 0, 0, 1, 1, 0, 363
1, 1, 0, 1, 2, 40, 1, 1, 1, 0, 1, 1, 0, 359
4, 1, 0, 1, 3, 57, 1, 0, 0, 0, 0, 0, 0, 362
4, 2, 0, 2, 2, 46, 1, 0, 0, 0, 0, 0, 0, 278
2, 2, 1, 2, 2, 36, 1, 1, 0, 0, 1, 1, 0, 304
1, 1, 0, 1, 2, 38, 0, 0, 0, 0, 1, 1, 0, 274
1, 2, 0, 2, 1, 31, 1, 1, 0, 0, 1, 1, 0, 364
4, 2, 0, 2, 3, 47, 1, 0, 0, 0, 0, 0, 0, 368
2, 2, 2, 3, 2, 41, 1, 1, 1, 0, 1, 1, 0, 284
3, 2, 1, 2, 1, 47, 1, 0, 0, 0, 0, 0, 1, 318
1, 3, 0, 2, 2, 46, 1, 1, 1, 0, 1, 1, 0, 286
3, 1, 0, 1, 1, 54, 1, 0, 0, 0, 0, 0, 1, 305
2, 2, 1, 2, 3, 47, 1, 1, 1, 0, 1, 0, 0, 287
2, 1, 0, 1, 1, 53, 1, 1, 0, 0, 1, 0, 0, 358
2, 2, 0, 2, 2, 51, 1, 1, 0, 0, 1, 0, 1, 314
2, 1, 1, 2, 2, 33, 1, 1, 1, 0, 1, 1, 1, 355
3, 1, 0, 1, 2, 35, 1, 0, 0, 1, 0, 0, 1, 293
4, 1, 1, 2, 3, 33, 1, 0, 1, 0, 0, 0, 0, 270
2, 2, 2, 3, 2, 52, 1, 1, 1, 0, 1, 0, 0, 356
4, 1, 0, 1, 2, 68, 1, 0, 0, 0, 0, 0, 0, 272
2, 2, 1, 2, 2, 54, 1, 1, 0, 0, 1, 1, 0, 268
2, 3, 0, 2, 2, 62, 1, 1, 1, 0, 1, 0, 1, 273
4, 2, 1, 2, 3, 49, 1, 0, 1, 0, 0, 0, 0, 269
2, 1, 0, 1, 2, 63, 1, 1, 0, 0, 1, 0, 0, 309
2, 1, 0, 1, 2, 48, 1, 1, 1, 0, 1, 1, 0, 361
1, 1, 0, 1, 2, 47, 1, 1, 0, 0, 1, 1, 0, 300
2, 2, 2, 3, 2, 50, 1, 1, 1, 0, 1, 1, 0, 308
1, 2, 2, 3, 2, 50, 1, 1, 1, 0, 1, 1, 0, 315
4, 1, 0, 1, 3, 63, 1, 0, 0, 0, 0, 0, 0, 301
3, 2, 2, 3, 2, 31, 1, 0, 0, 0, 0, 0, 1, 342
3, 1, 0, 1, 1, 51, 0, 0, 0, 0, 0, 0, 1, 422
2, 1, 0, 1, 1, 32, 1, 1, 1, 0, 1, 1, 1, 403
3, 1, 0, 1, 3, 43, 1, 0, 0, 0, 0, 0, 1, 415
2, 2, 1, 2, 1, 37, 1, 1, 0, 0, 1, 1, 1, 411
3, 2, 0, 2, 2, 49, 1, 1, 0, 0, 0, 0, 1, 418
4, 1, 2, 3, 2, 29, 1, 0, 0, 0, 0, 0, 0, 425
3, 2, 1, 2, 3, 43, 1, 1, 1, 1, 0, 0, 1, 416
2, 2, 1, 2, 3, 35, 1, 1, 1, 0, 1, 1, 0, 408
2, 2, 2, 3, 3, 34, 1, 1, 1, 0, 1, 1, 0, 405
4, 2, 1, 2, 2, 33, 1, 0, 0, 0, 0, 0, 0, 427
2, 1, 0, 1, 2, 32, 1, 1, 0, 0, 1, 1, 0, 404
2, 2, 2, 3, 2, 36, 1, 1, 0, 0, 1, 1, 0, 410
3, 2, 0, 2, 2, 58, 1, 0, 0, 1, 0, 0, 1, 424
3, 1, 0, 1, 3, 53, 1, 0, 0, 0, 0, 0, 1, 423
3, 1, 0, 1, 2, 40, 1, 0, 0, 0, 0, 0, 1, 414
3, 2, 1, 2, 3, 34, 1, 0, 1, 0, 0, 0, 1, 412
4, 1, 2, 3, 3, 31, 0, 1, 1, 0, 0, 0, 0, 426
2, 2, 1, 2, 2, 35, 1, 1, 1, 0, 1, 1, 0, 407
3, 2, 0, 2, 2, 50, 1, 0, 0, 0, 0, 0, 1, 419
3, 2, 1, 2, 2, 46, 1, 0, 1, 0, 0, 0, 1, 417
3, 1, 0, 1, 1, 50, 1, 0, 0, 0, 0, 0, 1, 421
2, 2, 2, 3, 2, 34, 1, 1, 1, 0, 1, 1, 0, 406
2, 1, 2, 3, 2, 35, 1, 0, 1, 0, 1, 1, 0, 409
3, 1, 0, 1, 3, 36, 1, 0, 0, 0, 0, 0, 1, 413
1, 2, 0, 2, 2, 42, 1, 1, 1, 0, 1, 1, 0, 460
2, 1, 0, 1, 3, 52, 1, 0, 1, 0, 1, 0, 1, 466
1, 1, 1, 2, 2, 68, 1, 0, 0, 0, 1, 1, 0, 465
4, 1, 0, 1, 3, 40, 1, 0, 0, 0, 0, 0, 0, 462
1, 1, 0, 1, 2, 63, 1, 1, 0, 0, 1, 1, 0, 574
3, 2, 0, 2, 2, 41, 1, 0, 1, 1, 0, 0, 1, 463
3, 2, 2, 3, 2, 48, 1, 0, 1, 0, 0, 0, 1, 450
1, 2, 1, 2, 2, 59, 1, 1, 0, 0, 1, 1, 0, 451
1, 1, 0, 1, 1, 55, 1, 1, 0, 0, 1, 1, 0, 569
4, 2, 1, 2, 2, 34, 1, 0, 1, 0, 0, 0, 0, 527
4, 1, 0, 1, 1, 37, 1, 1, 1, 0, 0, 0, 0, 453
1, 1, 1, 2, 2, 48, 1, 1, 0, 0, 1, 1, 0, 452
4, 1, 0, 1, 2, 42, 1, 0, 1, 0, 0, 0, 0, 578
2, 1, 0, 1, 1, 56, 1, 1, 0, 0, 1, 1, 0, 573
1, 1, 0, 1, 1, 45, 1, 1, 0, 0, 1, 1, 0, 456
3, 2, 0, 2, 3, 59, 1, 0, 0, 0, 0, 0, 1, 455
3, 1, 1, 2, 3, 61, 1, 0, 1, 0, 0, 0, 1, 572
2, 1, 0, 1, 2, 41, 1, 1, 0, 1, 1, 1, 1, 454
4, 1, 1, 2, 3, 36, 1, 0, 0, 0, 0, 0, 0, 571
4, 2, 0, 2, 2, 50, 1, 0, 0, 0, 0, 0, 0, 570
2, 1, 1, 2, 2, 59, 1, 1, 0, 0, 1, 1, 0, 459
2, 1, 0, 1, 2, 36, 1, 1, 0, 0, 1, 1, 0, 577
1, 1, 0, 1, 2, 55, 1, 1, 1, 0, 1, 1, 0, 464
1, 2, 0, 2, 2, 41, 1, 1, 1, 0, 1, 1, 0, 576
3, 1, 0, 1, 2, 50, 1, 0, 0, 0, 0, 0, 1, 467
1, 1, 0, 1, 2, 63, 0, 1, 0, 0, 1, 1, 0, 468
4, 2, 0, 2, 2, 33, 1, 0, 0, 0, 0, 0, 0, 575
2, 2, 1, 2, 2, 40, 1, 1, 1, 0, 1, 1, 0, 584
1, 2, 0, 2, 2, 45, 1, 1, 0, 0, 1, 1, 0, 491
1, 2, 0, 2, 2, 63, 1, 1, 0, 0, 1, 1, 0, 490
2, 2, 0, 2, 2, 49, 1, 1, 0, 1, 1, 1, 1, 583
1, 1, 0, 1, 3, 61, 1, 1, 0, 0, 1, 1, 0, 489
1, 2, 0, 2, 3, 82, 0, 1, 0, 0, 1, 1, 0, 582
3, 1, 0, 1, 2, 55, 1, 0, 0, 0, 0, 0, 1, 475
2, 2, 1, 2, 2, 50, 1, 1, 0, 0, 1, 1, 0, 478
2, 1, 2, 3, 2, 58, 1, 0, 0, 0, 1, 0, 1, 477
1, 2, 1, 2, 2, 60, 1, 1, 0, 0, 1, 1, 0, 476
1, 1, 2, 3, 2, 50, 1, 1, 0, 0, 1, 1, 0, 482
1, 1, 0, 1, 1, 46, 1, 1, 0, 0, 1, 1, 0, 481
2, 2, 2, 3, 3, 57, 1, 1, 1, 0, 1, 1, 0, 485
1, 1, 2, 3, 1, 66, 1, 1, 1, 0, 1, 1, 0, 480
1, 2, 0, 2, 2, 46, 1, 1, 0, 1, 1, 1, 0, 483
3, 2, 2, 3, 3, 53, 1, 0, 1, 0, 0, 0, 1, 487
2, 2, 0, 2, 3, 51, 1, 1, 0, 0, 1, 1, 1, 484
2, 2, 0, 2, 3, 47, 1, 1, 0, 0, 1, 1, 1, 486
2, 1, 0, 1, 3, 51, 1, 1, 0, 0, 1, 1, 1, 488
1, 2, 0, 2, 3, 41, 1, 1, 0, 0, 1, 0, 0, 479
2, 2, 2, 3, 3, 56, 1, 1, 0, 0, 1, 0, 1, 581
2, 1, 2, 3, 1, 63, 1, 1, 1, 0, 1, 1, 0, 474
1, 1, 0, 1, 1, 57, 0, 1, 0, 0, 1, 1, 0, 588
2, 2, 0, 2, 2, 52, 1, 1, 0, 0, 1, 1, 0, 492
1, 1, 0, 1, 2, 48, 0, 1, 0, 0, 1, 1, 0, 585
2, 2, 2, 3, 2, 43, 1, 1, 1, 1, 1, 0, 1, 495
1, 2, 2, 3, 2, 58, 1, 0, 0, 0, 1, 1, 0, 494
1, 1, 2, 3, 2, 61, 1, 1, 1, 0, 1, 1, 0, 586
2, 2, 2, 3, 2, 43, 1, 1, 1, 1, 1, 1, 1, 587
1, 1, 0, 1, 2, 42, 0, 1, 0, 0, 1, 1, 0, 493
2, 1, 0, 1, 3, 52, 1, 1, 0, 0, 1, 1, 1, 552
2, 1, 0, 1, 2, 49, 1, 1, 0, 0, 1, 1, 0, 461
2, 2, 1, 2, 2, 49, 1, 1, 1, 0, 1, 1, 0, 579
1, 1, 1, 2, 1, 38, 1, 1, 0, 0, 1, 1, 0, 457
4, 1, 0, 1, 2, 44, 1, 0, 1, 0, 0, 0, 0, 599
1, 1, 0, 1, 1, 42, 1, 1, 0, 0, 1, 1, 0, 542
3, 1, 0, 1, 2, 54, 1, 0, 0, 1, 0, 0, 1, 526
3, 2, 0, 2, 1, 49, 1, 0, 0, 0, 0, 0, 1, 600
4, 1, 0, 1, 2, 48, 1, 1, 0, 0, 0, 0, 0, 539
3, 2, 0, 2, 3, 53, 1, 0, 0, 0, 0, 0, 1, 602
3, 1, 1, 2, 2, 54, 1, 0, 0, 0, 0, 0, 1, 601
4, 1, 0, 1, 3, 48, 1, 0, 0, 0, 0, 0, 0, 540
4, 1, 0, 1, 3, 38, 1, 0, 0, 0, 0, 0, 0, 529
3, 3, 0, 2, 2, 54, 1, 0, 1, 0, 0, 0, 1, 603
3, 1, 0, 1, 2, 58, 1, 0, 0, 0, 0, 0, 1, 528
2, 1, 0, 1, 2, 44, 1, 1, 0, 0, 1, 0, 0, 551
3, 3, 0, 2, 2, 43, 1, 0, 1, 0, 0, 0, 1, 604
3, 2, 0, 2, 1, 50, 1, 0, 0, 0, 0, 0, 1, 530
3, 2, 0, 2, 3, 48, 1, 0, 0, 0, 0, 0, 1, 605
3, 2, 0, 2, 3, 33, 1, 0, 0, 1, 0, 0, 1, 606
3, 2, 1, 2, 2, 58, 1, 0, 0, 0, 0, 0, 1, 607
3, 2, 1, 2, 2, 54, 1, 0, 0, 0, 0, 0, 1, 536
3, 1, 2, 3, 2, 53, 1, 0, 0, 0, 0, 0, 1, 609
4, 2, 0, 2, 3, 51, 1, 0, 0, 0, 0, 0, 0, 538
4, 1, 2, 3, 3, 57, 1, 0, 0, 0, 0, 0, 0, 537
1, 2, 0, 2, 2, 44, 1, 1, 0, 0, 1, 1, 0, 541
3, 2, 0, 2, 2, 35, 1, 0, 0, 0, 0, 0, 1, 531
3, 2, 1, 2, 2, 58, 1, 0, 0, 0, 0, 0, 1, 532
3, 1, 0, 1, 3, 51, 1, 0, 0, 0, 0, 0, 1, 533
3, 2, 0, 2, 2, 62, 1, 0, 0, 0, 0, 0, 1, 608
4, 1, 0, 1, 3, 66, 1, 0, 0, 0, 0, 0, 0, 534
3, 3, 0, 2, 2, 53, 1, 0, 0, 0, 0, 0, 1, 535
2, 1, 1, 2, 2, 29, 1, 1, 1, 0, 1, 1, 0, 554
2, 1, 1, 2, 2, 39, 1, 1, 1, 0, 1, 1, 0, 559
2, 1, 0, 1, 2, 38, 1, 1, 0, 0, 1, 1, 0, 614
2, 1, 0, 1, 3, 45, 1, 1, 0, 0, 1, 1, 1, 615
2, 1, 0, 1, 2, 40, 1, 1, 0, 0, 1, 1, 0, 553
2, 2, 0, 2, 3, 48, 1, 1, 0, 0, 1, 1, 0, 616
2, 2, 0, 2, 3, 61, 1, 1, 0, 0, 1, 0, 0, 555
2, 1, 1, 2, 2, 54, 1, 1, 1, 0, 1, 1, 0, 556
2, 2, 0, 2, 2, 51, 1, 1, 0, 0, 1, 1, 0, 557
2, 2, 0, 2, 3, 66, 1, 1, 0, 0, 1, 1, 0, 558
2, 3, 1, 3, 2, 57, 1, 0, 0, 0, 1, 0, 0, 549
2, 2, 0, 2, 2, 48, 1, 1, 0, 0, 1, 1, 0, 550
1, 2, 0, 2, 3, 44, 1, 0, 0, 0, 1, 1, 0, 458
1, 1, 0, 1, 2, 28, 0, 1, 0, 0, 1, 1, 0, 469
1, 1, 0, 1, 2, 58, 1, 1, 0, 0, 1, 1, 0, 580
1, 1, 0, 1, 1, 71, 0, 1, 0, 0, 1, 1, 0, 649
2, 2, 0, 2, 1, 38, 1, 1, 0, 0, 1, 1, 0, 656
2, 1, 0, 1, 1, 39, 1, 1, 1, 0, 1, 1, 1, 651
2, 1, 2, 3, 2, 56, 1, 1, 1, 0, 1, 1, 0, 661
2, 1, 0, 1, 3, 34, 1, 1, 1, 0, 1, 1, 0, 662
2, 1, 0, 1, 2, 45, 1, 1, 0, 0, 1, 1, 1, 659
2, 2, 1, 2, 2, 48, 1, 1, 0, 0, 1, 1, 1, 671
2, 1, 1, 2, 3, 50, 1, 1, 0, 0, 1, 1, 0, 669
2, 2, 2, 3, 3, 53, 1, 1, 1, 0, 1, 1, 1, 678
2, 1, 1, 2, 2, 44, 1, 1, 1, 0, 1, 1, 0, 694
1, 2, 0, 2, 1, 49, 1, 1, 0, 0, 1, 1, 0, 692
1, 1, 2, 3, 1, 35, 1, 1, 0, 0, 1, 1, 0, 664
1, 2, 1, 2, 2, 28, 1, 1, 1, 0, 1, 1, 0, 663
2, 2, 1, 2, 3, 57, 1, 1, 0, 0, 1, 0, 1, 666
2, 2, 0, 2, 2, 63, 1, 1, 0, 0, 1, 0, 0, 672
1, 2, 0, 2, 1, 44, 1, 1, 0, 0, 1, 1, 0, 667
1, 1, 0, 1, 2, 37, 1, 1, 0, 0, 1, 1, 0, 681
2, 1, 0, 1, 3, 49, 1, 1, 0, 0, 1, 1, 0, 689
2, 2, 0, 2, 2, 47, 1, 0, 0, 0, 1, 1, 0, 654
1, 2, 2, 3, 2, 49, 1, 1, 1, 0, 1, 1, 0, 668
4, 3, 0, 2, 2, 54, 1, 0, 1, 0, 0, 0, 0, 675
2, 1, 0, 1, 3, 58, 1, 1, 0, 0, 1, 1, 0, 685
1, 2, 2, 3, 2, 39, 1, 1, 1, 0, 1, 1, 0, 683
2, 2, 2, 3, 3, 47, 1, 1, 1, 1, 1, 1, 1, 655
2, 1, 0, 1, 2, 52, 1, 1, 0, 0, 1, 1, 0, 648
1, 1, 0, 1, 3, 40, 1, 1, 0, 0, 1, 1, 0, 641
2, 2, 1, 2, 2, 35, 1, 1, 1, 0, 1, 1, 1, 693
3, 2, 0, 2, 1, 52, 1, 0, 0, 0, 0, 0, 1, 644
2, 2, 0, 2, 2, 61, 1, 1, 0, 0, 1, 1, 0, 645
2, 2, 2, 3, 2, 55, 1, 1, 1, 0, 1, 1, 0, 674
1, 2, 1, 2, 1, 55, 1, 1, 0, 0, 1, 1, 0, 687
4, 2, 0, 2, 3, 58, 1, 0, 0, 0, 0, 0, 0, 677
2, 1, 2, 3, 2, 62, 1, 1, 0, 0, 1, 0, 1, 682
1, 2, 2, 3, 1, 36, 1, 1, 1, 0, 1, 1, 0, 631
1, 2, 1, 2, 2, 47, 1, 1, 0, 0, 1, 1, 0, 688
1, 3, 1, 3, 1, 55, 1, 1, 1, 0, 1, 1, 0, 652
1, 2, 0, 2, 1, 37, 1, 1, 0, 0, 1, 1, 0, 653
4, 2, 0, 2, 2, 49, 1, 0, 0, 0, 0, 0, 0, 640
1, 1, 0, 1, 1, 64, 0, 1, 0, 0, 1, 1, 0, 680
2, 1, 0, 1, 3, 58, 0, 1, 0, 0, 1, 1, 0, 650
2, 2, 0, 2, 3, 39, 1, 1, 0, 0, 1, 1, 1, 642
1, 1, 1, 2, 2, 47, 1, 1, 0, 0, 1, 1, 0, 690
2, 1, 0, 1, 2, 39, 1, 1, 1, 0, 1, 1, 0, 626
3, 1, 0, 1, 1, 35, 1, 0, 0, 0, 0, 0, 1, 632
4, 1, 0, 1, 2, 35, 1, 0, 1, 0, 0, 0, 0, 629
3, 2, 1, 2, 2, 53, 1, 0, 1, 1, 0, 0, 1, 684
1, 1, 0, 1, 1, 40, 1, 1, 0, 0, 1, 1, 0, 638
1, 1, 0, 1, 1, 43, 1, 1, 0, 0, 1, 1, 0, 637
4, 2, 1, 2, 3, 57, 1, 0, 0, 0, 0, 0, 0, 634
4, 2, 0, 2, 2, 36, 1, 0, 1, 0, 0, 0, 0, 635
1, 1, 0, 1, 1, 53, 1, 1, 0, 0, 1, 1, 0, 679
3, 1, 0, 1, 3, 55, 1, 0, 0, 0, 0, 0, 1, 658
1, 1, 2, 3, 2, 30, 1, 1, 1, 0, 1, 1, 0, 630
1, 2, 0, 2, 1, 51, 1, 1, 0, 0, 1, 1, 0, 636
2, 1, 1, 2, 2, 45, 1, 1, 1, 0, 1, 1, 1, 646
2, 2, 0, 2, 2, 44, 1, 1, 0, 0, 1, 1, 0, 691
1, 1, 1, 2, 2, 40, 1, 1, 1, 0, 1, 1, 0, 628
2, 1, 1, 2, 2, 56, 1, 1, 1, 0, 1, 1, 0, 639
2, 1, 1, 2, 3, 37, 1, 1, 1, 0, 1, 1, 1, 676
2, 2, 1, 2, 1, 37, 1, 1, 1, 0, 1, 1, 1, 627
3, 2, 1, 2, 1, 57, 1, 0, 1, 0, 0, 0, 1, 657
1, 2, 0, 2, 1, 44, 1, 1, 0, 0, 1, 1, 0, 621
3, 2, 0, 2, 3, 55, 1, 0, 0, 0, 0, 0, 1, 633
1, 1, 2, 3, 2, 30, 1, 1, 1, 0, 1, 1, 0, 623
1, 1, 0, 1, 1, 34, 1, 1, 0, 0, 1, 1, 0, 619
1, 2, 1, 2, 2, 72, 0, 1, 0, 0, 1, 1, 0, 618
4, 1, 0, 1, 1, 53, 1, 0, 0, 0, 0, 0, 0, 620
2, 2, 2, 3, 3, 40, 1, 1, 1, 0, 1, 1, 1, 625
2, 1, 2, 3, 2, 81, 1, 1, 0, 0, 1, 1, 0, 622
1, 2, 2, 3, 1, 50, 1, 1, 0, 0, 1, 1, 0, 624
1, 2, 0, 2, 1, 63, 1, 1, 0, 0, 1, 1, 0, 660
2, 1, 1, 2, 2, 29, 1, 1, 1, 0, 1, 1, 0, 713
3, 3, 1, 3, 2, 33, 1, 0, 1, 0, 0, 0, 1, 720
3, 1, 0, 1, 1, 49, 1, 1, 0, 0, 0, 0, 1, 726
3, 3, 0, 2, 1, 50, 1, 0, 1, 0, 0, 0, 1, 727
2, 2, 2, 3, 2, 36, 1, 1, 0, 0, 1, 1, 1, 718
2, 2, 1, 2, 3, 32, 1, 1, 1, 0, 1, 1, 1, 715
2, 1, 0, 1, 2, 35, 1, 1, 0, 0, 1, 1, 0, 717
3, 2, 1, 2, 2, 58, 1, 0, 0, 0, 0, 0, 1, 730
3, 2, 1, 2, 3, 45, 1, 0, 0, 0, 0, 0, 1, 722
2, 1, 0, 1, 2, 30, 1, 1, 0, 1, 1, 1, 1, 714
3, 1, 1, 2, 3, 53, 1, 0, 0, 0, 0, 0, 1, 729
4, 2, 0, 2, 3, 37, 1, 0, 1, 0, 0, 0, 0, 731
3, 2, 0, 2, 2, 47, 1, 0, 0, 0, 0, 0, 1, 725
3, 2, 1, 2, 1, 46, 1, 0, 0, 0, 0, 0, 1, 724
2, 2, 0, 2, 3, 37, 1, 1, 1, 0, 1, 1, 0, 719
2, 2, 2, 3, 2, 24, 1, 1, 0, 0, 1, 1, 0, 712
3, 1, 0, 1, 2, 50, 1, 0, 0, 0, 0, 0, 1, 728
3, 2, 0, 2, 3, 34, 1, 0, 1, 0, 0, 0, 1, 721
3, 2, 0, 2, 1, 45, 1, 0, 0, 1, 0, 0, 1, 723
2, 2, 2, 3, 2, 32, 1, 1, 1, 0, 1, 1, 0, 716
3, 1, 2, 3, 1, 50, 1, 0, 0, 0, 0, 0, 1, 420
3, 1, 0, 1, 2, 49, 1, 0, 0, 0, 0, 0, 1, 254
1, 1, 0, 1, 2, 50, 1, 0, 0, 0, 1, 1, 0, 68
3, 2, 0, 2, 2, 32, 1, 0, 0, 1, 0, 0, 1, 245
1, 1, 0, 1, 2, 72, 0, 1, 0, 0, 1, 1, 0, 56
4, 1, 2, 3, 2, 49, 1, 0, 1, 0, 0, 0, 0, 246
2, 1, 2, 3, 2, 36, 1, 1, 1, 0, 1, 1, 1, 64
3, 1, 0, 1, 2, 47, 1, 0, 0, 0, 0, 0, 1, 244
3, 1, 1, 2, 2, 36, 1, 0, 0, 1, 0, 0, 1, 55
3, 2, 0, 2, 2, 63, 1, 0, 1, 1, 0, 0, 1, 263
2, 1, 0, 1, 2, 45, 1, 1, 0, 1, 1, 1, 1, 145
2, 1, 0, 1, 2, 69, 1, 1, 0, 0, 1, 1, 0, 257
3, 2, 2, 3, 2, 45, 1, 0, 0, 0, 0, 0, 1, 99
4, 1, 0, 1, 2, 74, 0, 0, 0, 0, 0, 0, 0, 251
2, 1, 0, 1, 2, 38, 1, 0, 0, 0, 1, 1, 1, 108
2, 1, 1, 2, 2, 48, 1, 0, 0, 0, 1, 0, 0, 250
3, 1, 0, 1, 1, 59, 1, 0, 0, 0, 0, 0, 1, 48
1, 2, 2, 3, 2, 52, 1, 0, 0, 0, 1, 1, 0, 258
3, 2, 1, 2, 3, 51, 1, 1, 0, 1, 0, 0, 1, 65
2, 1, 2, 3, 2, 55, 1, 1, 0, 0, 1, 1, 1, 253
1, 2, 2, 3, 2, 32, 1, 0, 1, 0, 1, 1, 0, 63
4, 1, 1, 2, 2, 61, 1, 0, 0, 0, 0, 0, 0, 260
2, 1, 0, 1, 2, 34, 1, 1, 0, 0, 1, 0, 0, 62
4, 2, 0, 2, 3, 55, 1, 0, 0, 0, 0, 0, 0, 255
1, 1, 0, 1, 1, 42, 1, 1, 0, 0, 1, 1, 0, 85
3, 1, 0, 1, 2, 55, 1, 0, 0, 1, 0, 0, 1, 243
3, 1, 2, 3, 3, 46, 1, 0, 1, 0, 0, 0, 1, 86
4, 2, 1, 2, 2, 47, 1, 0, 0, 0, 0, 0, 0, 249
1, 1, 0, 1, 2, 63, 0, 1, 0, 0, 1, 1, 0, 46
1, 2, 0, 2, 2, 65, 1, 0, 0, 0, 1, 1, 0, 252
1, 2, 2, 3, 2, 41, 1, 1, 1, 0, 1, 1, 0, 52
4, 1, 1, 2, 3, 63, 1, 0, 0, 0, 0, 0, 0, 248
2, 2, 0, 2, 1, 48, 0, 1, 0, 0, 1, 1, 1, 50
1, 1, 0, 1, 2, 56, 1, 1, 0, 0, 1, 1, 0, 57
2, 1, 1, 2, 2, 45, 1, 0, 0, 0, 1, 1, 0, 14
1, 1, 1, 2, 2, 40, 1, 1, 0, 0, 1, 1, 0, 35
4, 2, 0, 2, 2, 57, 1, 0, 0, 0, 0, 0, 0, 49
1, 1, 0, 1, 2, 45, 0, 1, 0, 0, 1, 1, 0, 19
4, 2, 0, 2, 2, 43, 1, 0, 0, 0, 0, 0, 0, 71
1, 1, 2, 3, 2, 50, 1, 1, 1, 0, 1, 1, 0, 31
2, 1, 0, 1, 1, 61, 1, 1, 0, 0, 1, 0, 1, 66
3, 1, 0, 1, 2, 42, 1, 0, 0, 0, 0, 0, 1, 34
2, 2, 2, 3, 2, 33, 1, 0, 0, 1, 1, 1, 1, 33
2, 2, 1, 2, 2, 33, 1, 1, 0, 0, 1, 0, 0, 5
2, 2, 1, 2, 2, 33, 1, 1, 0, 0, 1, 1, 1, 113
1, 2, 1, 2, 2, 48, 1, 0, 1, 0, 1, 1, 0, 112
2, 1, 1, 2, 2, 44, 1, 1, 0, 0, 1, 1, 0, 123
1, 1, 0, 1, 2, 48, 1, 0, 0, 0, 1, 1, 0, 30
1, 2, 0, 2, 2, 44, 1, 1, 0, 0, 1, 1, 0, 36
3, 2, 0, 2, 3, 41, 1, 0, 0, 0, 0, 0, 1, 76
2, 2, 1, 2, 2, 57, 1, 1, 0, 0, 1, 1, 0, 119
1, 1, 0, 1, 2, 40, 1, 1, 0, 0, 1, 1, 0, 117
2, 1, 0, 1, 2, 33, 1, 1, 0, 0, 1, 0, 0, 129
1, 1, 1, 2, 2, 50, 1, 1, 0, 0, 1, 1, 0, 136
1, 1, 0, 1, 2, 58, 0, 1, 0, 0, 1, 1, 0, 122
1, 1, 1, 2, 2, 63, 1, 1, 0, 0, 1, 1, 0, 161
1, 1, 1, 2, 2, 46, 1, 1, 0, 0, 1, 1, 0, 8
1, 1, 1, 2, 2, 58, 1, 0, 0, 0, 1, 1, 0, 12
2, 1, 1, 2, 2, 40, 1, 1, 0, 0, 1, 1, 0, 9
2, 2, 0, 2, 2, 46, 1, 1, 0, 0, 1, 1, 0, 24
2, 1, 0, 1, 2, 59, 1, 1, 0, 0, 1, 0, 0, 28
1, 1, 0, 1, 2, 51, 1, 1, 0, 0, 1, 1, 0, 38
2, 1, 1, 2, 2, 40, 1, 0, 0, 0, 1, 1, 1, 37
2, 2, 2, 3, 2, 70, 1, 1, 1, 0, 1, 1, 0, 200
1, 3, 2, 3, 2, 47, 1, 0, 1, 0, 1, 1, 0, 96
2, 1, 0, 1, 2, 42, 1, 0, 0, 0, 1, 0, 1, 90
1, 1, 1, 2, 2, 43, 1, 1, 0, 0, 1, 1, 0, 98
3, 2, 1, 2, 2, 30, 1, 0, 0, 1, 0, 0, 1, 182
1, 1, 2, 3, 2, 62, 1, 1, 0, 0, 1, 1, 0, 58
2, 2, 1, 2, 2, 56, 1, 1, 0, 0, 1, 0, 0, 88
1, 1, 0, 1, 2, 50, 1, 1, 0, 0, 1, 1, 0, 2
2, 1, 1, 2, 2, 68, 1, 1, 1, 0, 1, 1, 0, 3
2, 1, 1, 2, 2, 43, 1, 0, 0, 0, 1, 1, 0, 103
1, 2, 1, 2, 2, 32, 1, 1, 1, 0, 1, 1, 0, 47
4, 1, 1, 2, 2, 49, 1, 0, 0, 0, 0, 0, 0, 115
1, 1, 0, 1, 2, 41, 1, 0, 0, 0, 1, 1, 0, 133
2, 2, 1, 2, 2, 31, 1, 1, 0, 0, 1, 1, 0, 126
2, 2, 0, 2, 2, 41, 1, 1, 0, 0, 1, 1, 0, 132
3, 1, 0, 1, 2, 46, 1, 0, 0, 0, 0, 0, 1, 60
1, 2, 2, 3, 2, 52, 1, 1, 1, 0, 1, 1, 0, 94
2, 2, 0, 2, 2, 49, 1, 0, 0, 0, 1, 0, 0, 10
1, 2, 0, 2, 2, 48, 1, 1, 0, 0, 1, 1, 0, 107
2, 1, 0, 1, 3, 49, 1, 0, 0, 0, 1, 0, 0, 73
2, 1, 1, 2, 2, 58, 1, 0, 0, 0, 1, 1, 0, 79
4, 2, 1, 2, 3, 44, 1, 0, 0, 0, 0, 0, 0, 72
2, 1, 1, 2, 2, 43, 1, 0, 0, 0, 1, 1, 0, 75
4, 2, 0, 2, 2, 53, 1, 0, 0, 0, 0, 0, 0, 74
2, 1, 0, 1, 2, 48, 1, 1, 0, 0, 1, 0, 0, 120
2, 1, 1, 2, 2, 62, 1, 0, 0, 0, 1, 0, 0, 118
1, 1, 2, 3, 2, 48, 1, 1, 1, 0, 1, 1, 0, 121
1, 1, 0, 1, 2, 50, 1, 0, 0, 0, 1, 1, 0, 20
1, 1, 0, 1, 2, 48, 1, 1, 0, 0, 1, 1, 0, 70
1, 1, 0, 1, 2, 70, 0, 1, 0, 0, 1, 1, 0, 43
1, 1, 1, 2, 2, 59, 1, 1, 0, 0, 1, 1, 0, 83
2, 1, 0, 1, 2, 61, 1, 1, 0, 0, 1, 1, 1, 84
1, 1, 0, 1, 2, 62, 0, 1, 0, 0, 1, 1, 0, 18
4, 2, 2, 3, 2, 44, 1, 0, 1, 0, 0, 0, 0, 128
4, 2, 0, 2, 2, 51, 1, 0, 0, 0, 0, 0, 0, 157
4, 1, 0, 1, 2, 55, 0, 0, 0, 0, 0, 0, 0, 22
1, 1, 0, 1, 2, 50, 0, 1, 0, 0, 1, 1, 0, 15
4, 2, 0, 2, 2, 66, 1, 0, 0, 0, 0, 0, 0, 158
1, 1, 1, 2, 2, 42, 1, 1, 0, 0, 1, 1, 0, 13
4, 2, 0, 2, 2, 56, 1, 0, 0, 0, 0, 0, 0, 41
2, 1, 1, 2, 2, 74, 0, 1, 0, 0, 1, 0, 0, 40
1, 1, 0, 1, 1, 42, 0, 1, 0, 0, 1, 1, 0, 39
3, 1, 0, 1, 2, 52, 1, 0, 0, 1, 0, 0, 1, 23
4, 1, 1, 2, 3, 59, 1, 0, 0, 0, 0, 0, 0, 228
1, 1, 0, 1, 1, 46, 0, 0, 0, 0, 1, 1, 0, 59
1, 1, 2, 3, 2, 66, 1, 1, 1, 0, 1, 1, 0, 89
2, 1, 1, 2, 2, 49, 1, 0, 0, 0, 1, 1, 0, 92
2, 2, 0, 2, 2, 52, 1, 1, 0, 0, 1, 1, 0, 144
3, 2, 1, 2, 2, 54, 0, 0, 0, 0, 0, 0, 1, 87
2, 2, 2, 3, 2, 49, 1, 1, 1, 0, 1, 1, 0, 114
3, 2, 0, 2, 2, 35, 1, 0, 0, 1, 0, 0, 1, 93
2, 3, 2, 3, 2, 56, 1, 1, 1, 0, 1, 0, 0, 240
2, 1, 0, 1, 2, 52, 1, 1, 0, 0, 1, 1, 0, 26
2, 1, 0, 1, 2, 55, 1, 1, 0, 0, 1, 0, 0, 109
2, 1, 0, 1, 2, 35, 1, 1, 0, 0, 1, 1, 0, 130
2, 2, 1, 2, 2, 54, 1, 1, 0, 0, 1, 0, 0, 124
2, 1, 0, 1, 2, 50, 1, 1, 0, 0, 1, 1, 0, 106
2, 1, 2, 3, 3, 62, 1, 1, 0, 0, 1, 1, 0, 101
2, 2, 0, 2, 2, 55, 1, 0, 0, 0, 1, 1, 0, 21
1, 2, 0, 2, 2, 77, 0, 0, 0, 0, 1, 1, 0, 100
2, 2, 1, 2, 2, 45, 1, 1, 0, 0, 1, 1, 0, 91
2, 1, 1, 2, 2, 51, 1, 1, 0, 0, 1, 1, 0, 97
4, 2, 0, 2, 2, 59, 1, 0, 0, 0, 0, 0, 0, 1
2, 2, 0, 2, 2, 57, 1, 1, 0, 0, 1, 1, 1, 102
1, 2, 0, 2, 2, 58, 1, 0, 0, 0, 1, 1, 0, 105
1, 1, 1, 2, 1, 47, 1, 1, 0, 0, 1, 1, 0, 104
2, 1, 1, 2, 2, 45, 1, 1, 0, 0, 1, 1, 0, 127
1, 1, 0, 1, 2, 60, 1, 1, 0, 0, 1, 1, 0, 25
1, 1, 0, 1, 1, 58, 0, 0, 0, 0, 1, 1, 0, 42
2, 2, 0, 2, 2, 60, 1, 1, 0, 0, 1, 0, 0, 27
1, 2, 1, 2, 2, 41, 1, 1, 1, 0, 1, 1, 0, 44
3, 2, 0, 2, 2, 59, 1, 0, 0, 0, 0, 0, 1, 143
2, 1, 0, 1, 3, 50, 0, 0, 0, 1, 1, 1, 1, 7
2, 2, 1, 2, 2, 46, 1, 0, 0, 0, 1, 1, 1, 135
3, 1, 0, 1, 2, 62, 1, 0, 0, 0, 0, 0, 1, 110
1, 1, 0, 1, 2, 49, 1, 1, 0, 0, 1, 1, 0, 111
3, 1, 0, 1, 2, 58, 1, 0, 0, 1, 0, 0, 1, 81
2, 1, 0, 1, 2, 44, 1, 1, 0, 0, 1, 0, 1, 78
1, 1, 0, 1, 2, 50, 1, 1, 0, 0, 1, 1, 0, 77
4, 1, 0, 1, 2, 52, 1, 0, 0, 0, 0, 0, 0, 241
2, 1, 2, 3, 2, 40, 1, 1, 1, 1, 1, 1, 1, 146
3, 2, 0, 2, 2, 56, 1, 0, 0, 0, 0, 0, 1, 148
4, 1, 0, 1, 2, 35, 1, 0, 0, 0, 0, 0, 0, 137
2, 1, 0, 1, 2, 41, 1, 1, 0, 0, 1, 1, 0, 53
2, 1, 0, 1, 2, 59, 0, 1, 0, 0, 1, 0, 0, 54
1, 2, 0, 2, 2, 43, 1, 1, 0, 0, 1, 1, 0, 51
2, 1, 0, 1, 2, 55, 1, 0, 0, 0, 1, 1, 0, 82
1, 2, 0, 2, 2, 70, 0, 1, 0, 0, 1, 1, 0, 80
1, 1, 0, 1, 2, 41, 1, 1, 0, 0, 1, 1, 0, 29
2, 2, 0, 2, 2, 49, 1, 1, 0, 0, 1, 1, 0, 17
1, 1, 0, 1, 1, 44, 1, 1, 0, 0, 1, 1, 0, 4
1, 1, 0, 1, 2, 56, 1, 1, 1, 0, 1, 1, 0, 16
2, 2, 2, 3, 2, 46, 1, 1, 1, 0, 1, 1, 0, 45
1, 1, 2, 3, 2, 57, 1, 1, 1, 0, 1, 1, 0, 6
3, 2, 0, 2, 2, 57, 1, 0, 0, 0, 0, 0, 1, 139
3, 2, 1, 2, 2, 51, 1, 0, 0, 0, 0, 0, 1, 138
3, 2, 0, 2, 2, 49, 1, 0, 0, 0, 0, 0, 1, 142
4, 1, 0, 1, 2, 47, 1, 0, 0, 1, 0, 0, 0, 140
3, 1, 0, 1, 2, 34, 1, 0, 0, 1, 0, 0, 1, 141
1, 2, 0, 2, 2, 51, 1, 0, 0, 0, 1, 1, 0, 163
3, 2, 0, 2, 3, 51, 0, 0, 0, 0, 0, 0, 1, 168
2, 2, 2, 3, 3, 53, 1, 1, 1, 0, 1, 1, 0, 216
1, 2, 1, 2, 2, 49, 1, 1, 0, 0, 1, 1, 0, 162
2, 2, 0, 2, 2, 46, 1, 0, 0, 0, 1, 1, 1, 242
2, 1, 1, 2, 2, 48, 1, 0, 0, 0, 1, 0, 0, 149
3, 1, 0, 1, 3, 53, 1, 0, 0, 0, 0, 0, 1, 32
