6
20
21
30
18
15
31
12
15
9
12
18
13
3
24
10
12
9
7
12
6
2
8
11
42
44
47
45
39
39
36
12
18
47
54
19
28
16
59
7
23
16
41
44
52
50
60
44
6
32
31
48
26
48
35
17
20
60
42
24
6
32
6
43
4
14
30
24
43
28
58
52
50
13
28
17
36
16
19
55
23
15
24
1
34
9
13
20
4
33
24
30
20
35
24
7
46
50
11
28
15
10
45
27
36
32
55
13
44
15
49
15
13
54
23
31
36
35
58
26
57
7
37
18
56
30
5
18
14
15
31
43
10
55
7
6
25
8
4
25
31
14
14
51
9
8
17
46
60
52
52
58
45
12
21
23
9
11
13
28
22
22
19
12
9
29
26
16
31
21
18
8
22
43
18
38
36
56
46
38
38
14
57
3
25
10
52
29
45
1
53
18
38
31
30
32
33
38
57
26
17
29
5
22
15
22
7
12
8
19
44
31
54
21
16
26
42
55
9
32
25
32
37
42
21
37
30
14
29
31
45
49
49
6
20
11
36
18
12
8
55
11
33
30
39
9
15
12
59
13
9
48
38
20
19
41
8
50
18
56
60
20
58
42
49
57
53
16
41
16
37
9
30
56
48
30
10
37
27
56
20
42
21
39
48
59
25
37
52
32
4
17
27
15
54
26
37
27
44
24
19
57
24
2
54
18
1
28
19
15
57
1
59
11
15
23
53
15
29
19
43
21
59
14
13
10
12
54
32
14
37
20
59
17
21
45
20
43
23
27
6
10
15
17
12
24
53
53
11
18
55
5
29
42
32
32
13
82
73
78
77
75
77
76
75
78
79
79
84
98
91
70
76
75
63
82
79
76
66
87
115
120
70
70
109
116
75
78
76
76
74
78
77
75
75
73
84
79
79
82
81
75
76
76
76
76
77
77
77
64
77
78
78
74
75
74
74
74
74
74
74
84
84
85
84
84
85
69
84
78
75
75
83
75
76
76
84
70
77
77
77
77
77
63
85
77
88
79
62
83
73
64
71
71
71
70
69
69
69
70
69
70
67
68
68
68
67
67
65
66
67
67
66
65
65
62
62
62
62
61
61
62
64
63
63
63
63
63
62
62
63
62
62
61
62
61
61
61
64
64
84
75
73
115
83
83
82
80
81
83
80
81
81
81
81
81
80
81
81
79
80
80
80
80
77
78
80
79
79
80
79
79
64
80
79
83
83
80
80
79
80
79
80
79
79
78
78
78
78
78
78
78
84
84
84
86
86
88
85
85
86
87
86
88
89
71
88
88
88
87
86
86
85
85
90
86
89
86
90
90
90
90
88
91
92
92
93
93
93
82
93
93
93
94
94
94
94
94
74
95
95
94
84
82
92
84
78
108
97
118
109
96
137
126
101
108
113
112
98
100
106
80
102
135
154
100
96
96
96
69
108
83
75
76
79
81
78
64
151
133
68
72
66
76
112
131
116
83
76
131
95
109
78
78
78
75
74
79
78
76
76
77
77
66
75
74
74
75
84
84
84
85
84
78
84
83
78
86
75
80
75
84
84
76
72
81
77
84
64
79
75
67
71
71
71
71
71
69
70
68
68
68
68
64
66
66
65
65
64
62
61
61
61
71
64
63
63
63
63
62
62
63
63
63
63
62
62
62
61
61
64
64
147
73
77
83
81
82
81
81
81
78
78
80
80
78
80
80
79
79
79
78
79
82
78
72
81
84
84
84
84
85
84
87
86
87
87
86
89
88
87
84
85
86
85
86
89
90
90
89
89
91
91
90
90
91
91
91
92
91
69
92
92
92
91
93
93
94
94
73
95
95
95
94
94
82
70
105
112
110
105
117
108
122
108
100
98
125
113
96
99
137
121
101
100
63
115
66
81
83
81
79
81
66
81
78
61
108
67
78
80
62
81
72
81
61
81
80
76
78
80
70
80
78
81
61
68
79
81
81
82
82
81
82
81
82
81
61
70
83
80
80
80
82
82
81
80
80
80
79
79
79
83
71
82
82
82
69
82
73
80
67
80
83
81
63
83
83
80
81
80
66
79
79
81
80
70
80
80
68
81
81
81
80
80
66
82
81
82
81
68
83
79
79
69
76
79
82
82
82
82
69
73
72
80
80
61
80
80
80
80
82
80
79
79
80
80
70
67
80
80
70
80
67
67
79
82
82
82
82
63
70
66
80
67
80
80
81
81
61
61
66
81
81
81
80
80
82
83
83
83
82
83
65
66
64
65
65
78
79
71
78
80
62
82
